2.597726583480834961e-01
9.825919270515441895e-01
3.798574209213256836e-01
-1.515801429748535156e+00
2.815362215042114258e+00
5.872176170349121094e+00
3.728132009506225586e+00
-3.963206529617309570e+00
-3.961914062500000000e+00
3.349925279617309570e-01
-6.212227821350097656e+00
-1.894392520189285278e-01
1.754417896270751953e+00
4.557783603668212891e+00
-3.511332869529724121e-01
-1.221203446388244629e+00
-3.230353116989135742e+00
2.246564388275146484e+00
4.734477519989013672e+00
-7.965087294578552246e-01
-1.200273704528808594e+01
-2.908703804016113281e+00
3.016349315643310547e+00
1.198170280456542969e+01
3.572570562362670898e+00
-2.762317419052124023e+00
2.220685243606567383e+00
-2.732894420623779297e+00
5.762757301330566406e+00
-9.209798574447631836e-01
5.903005003929138184e-01
3.521422386169433594e+00
2.271928787231445312e+00
-5.034971833229064941e-01
-2.150776386260986328e+00
4.314279854297637939e-01
-7.660297870635986328e+00
-5.332235336303710938e+00
5.254396915435791016e+00
3.407955169677734375e+00
6.904621124267578125e-01
-1.035462379455566406e+01
-2.344053506851196289e+00
1.958135485649108887e+00
-5.981347084045410156e+00
1.413305282592773438e+00
4.047969341278076172e+00
-3.270797729492187500e+00
-2.700166463851928711e+00
5.444067955017089844e+00
-2.059247732162475586e+00
-5.546013355255126953e+00
-1.196424198150634766e+01
-1.007362723350524902e+00
-7.616079330444335938e+00
-3.089197635650634766e+00
3.838526010513305664e+00
9.324112892150878906e+00
-8.454523086547851562e-01
-2.048156023025512695e+00
1.370858192443847656e+01
1.851671636104583740e-01
-7.149238109588623047e+00
-1.427056431770324707e+00
5.223260879516601562e+00
-3.818442225456237793e-01
-4.597682952880859375e+00
-7.110131978988647461e-01
6.959255695343017578e+00
-2.118294954299926758e+00
5.526842474937438965e-01
-8.164444923400878906e+00
1.862042665481567383e+00
-2.275118350982666016e+00
4.864747226238250732e-01
6.146754741668701172e+00
4.001371860504150391e+00
-2.005748987197875977e+00
-6.567809104919433594e+00
1.598268151283264160e+00
-7.079564571380615234e+00
-1.582843661308288574e+00
-4.325394332408905029e-01
-6.963444948196411133e-01
2.308637619018554688e+00
7.177311778068542480e-01
2.401481866836547852e-01
-1.303357839584350586e+00
3.850319981575012207e-01
-6.161198616027832031e+00
-4.057082653045654297e+00
7.383958339691162109e+00
6.283128738403320312e+00
3.661545038223266602e+00
3.892021656036376953e+00
4.564191818237304688e+00
9.461498260498046875e+00
-1.134910392761230469e+01
-1.620101332664489746e+00
9.371596336364746094e+00
8.852776885032653809e-02
-5.688205718994140625e+00
-4.461810588836669922e+00
-7.570815086364746094e+00
7.985152244567871094e+00
-1.617313981056213379e+00
2.019758462905883789e+00
8.639249801635742188e+00
-4.545189857482910156e+00
2.919331312179565430e+00
-5.220563888549804688e+00
1.006502628326416016e+01
-1.597499608993530273e+00
3.107865095138549805e+00
-1.918120384216308594e+00
2.069974660873413086e+00
1.380098342895507812e+00
-5.562644004821777344e+00
-4.002296447753906250e+00
-1.204155445098876953e+01
1.921253561973571777e+00
1.320015549659729004e+00
1.375128746032714844e+00
1.815353989601135254e+00
-7.695360183715820312e-01
-3.466704130172729492e+00
2.753807067871093750e+00
5.671298503875732422e+00
-3.762990951538085938e+00
-7.418306827545166016e+00
-3.436550199985504150e-01
8.281930923461914062e+00
-4.843894481658935547e+00
-2.290414094924926758e+00
2.318517208099365234e+00
-5.863250255584716797e+00
-9.657607078552246094e-01
-6.769103050231933594e+00
3.709764480590820312e+00
3.398661136627197266e+00
-1.796504974365234375e+00
1.115212798118591309e+00
-5.294431209564208984e+00
-1.039353847503662109e+01
-5.276158809661865234e+00
-4.371201038360595703e+00
-1.723462224006652832e+00
2.036819696426391602e+00
-1.061359500885009766e+01
3.796293258666992188e+00
-3.249212741851806641e+00
7.611257076263427734e+00
6.674361705780029297e+00
-4.908076763153076172e+00
-1.283620238304138184e+00
-3.153274536132812500e+00
7.088062763214111328e+00
7.286712169647216797e+00
3.418874025344848633e+00
1.411572217941284180e+00
1.519452184438705444e-01
-5.043700933456420898e-01
-6.995573997497558594e+00
-2.721358060836791992e+00
-4.385304450988769531e+00
2.865876436233520508e+00
1.088967084884643555e+00
-1.203113365173339844e+01
5.382547855377197266e+00
-9.888583183288574219e+00
2.069928169250488281e+00
-5.212265491485595703e+00
8.374996185302734375e+00
4.808489799499511719e+00
2.074171066284179688e+00
8.643074035644531250e+00
6.003484249114990234e+00
9.897572517395019531e+00
2.707379341125488281e+00
2.220116138458251953e+00
6.883604049682617188e+00
-3.585641860961914062e+00
-2.562524557113647461e+00
9.479094743728637695e-01
2.125841379165649414e+00
2.369388788938522339e-01
6.224383831024169922e+00
3.367860794067382812e+00
3.506246089935302734e+00
8.497727394104003906e+00
4.707429885864257812e+00
1.055226612091064453e+01
2.482111215591430664e+00
6.312669277191162109e+00
-1.868072628974914551e+00
-5.376987934112548828e+00
1.103588104248046875e+01
4.197578907012939453e+00
7.677016258239746094e-01
-7.340335249900817871e-01
4.028077125549316406e+00
3.881281241774559021e-03
-2.571483373641967773e+00
4.897563457489013672e+00
7.497581481933593750e+00
-5.507633686065673828e+00
8.999135017395019531e+00
4.340668767690658569e-02
-5.311141014099121094e+00
2.887825489044189453e+00
-1.907916069030761719e+00
-9.921387672424316406e+00
-2.501226186752319336e+00
2.972903966903686523e+00
2.277822494506835938e+00
1.974270939826965332e-01
6.471643447875976562e+00
-4.796553134918212891e+00
9.547276496887207031e+00
8.382389068603515625e+00
-4.591255664825439453e+00
4.829652786254882812e+00
9.811848402023315430e-01
-4.028393745422363281e+00
3.693256616592407227e+00
-6.987884521484375000e+00
-4.067435264587402344e+00
2.620075941085815430e+00
-1.182995080947875977e+00
-1.530842185020446777e+00
-2.798322200775146484e+00
4.056296825408935547e+00
-1.717421531677246094e+00
-6.707440853118896484e+00
-2.830449104309082031e+00
-5.024438858032226562e+00
1.351288557052612305e+00
-9.264144897460937500e+00
5.276406764984130859e+00
4.688800275325775146e-01
-1.986192941665649414e+00
-7.746831417083740234e+00
2.229309558868408203e+00
-2.170802831649780273e+00
-9.905451536178588867e-01
-6.415296554565429688e+00
-5.512582302093505859e+00
-4.392086982727050781e+00
4.103865146636962891e+00
-2.864152431488037109e+00
-5.213185310363769531e+00
-4.475771903991699219e+00
-3.301675081253051758e+00
5.668735980987548828e+00
2.511703729629516602e+00
4.977012157440185547e+00
