-6.438462734222412109e+00
2.410059356689453125e+01
-1.680979919433593750e+01
2.508849906921386719e+01
-9.444011688232421875e+00
-2.513665199279785156e+00
4.233232975006103516e+00
2.076494979858398438e+01
1.661643028259277344e+01
6.760649681091308594e+00
2.626013374328613281e+01
1.048478603363037109e+01
8.095159530639648438e+00
-2.045048952102661133e+00
-1.564945793151855469e+01
2.983191490173339844e+01
6.762982845306396484e+00
-7.332535982131958008e-01
1.783722877502441406e+01
2.405390930175781250e+01
5.101212859153747559e-01
6.472533226013183594e+00
-1.888695120811462402e+00
7.946485519409179688e+00
-1.889544105529785156e+01
-1.100331020355224609e+01
1.210350227355957031e+01
-8.289825439453125000e+00
-8.497755050659179688e+00
-3.269050836563110352e+00
1.374809646606445312e+01
-7.370313167572021484e+00
1.643656158447265625e+01
2.090853309631347656e+01
2.192579984664916992e+00
-5.649791717529296875e+00
1.809043121337890625e+01
-9.905033707618713379e-01
3.088678741455078125e+01
1.006083679199218750e+01
1.833901047706604004e+00
4.057403087615966797e+00
-1.279358577728271484e+01
7.452774047851562500e+00
9.628391265869140625e+00
-2.914085149765014648e+00
3.283763408660888672e+00
1.891733741760253906e+01
2.420607948303222656e+01
2.516897964477539062e+01
-7.309294342994689941e-01
-1.010434627532958984e+01
-1.249715924263000488e+00
1.142555332183837891e+01
1.231890583038330078e+01
-6.710437774658203125e+00
2.659831285476684570e+00
2.163159370422363281e+00
-6.052099704742431641e+00
1.529317188262939453e+01
1.153646183013916016e+01
-5.687961101531982422e+00
1.278370857238769531e+01
8.261219978332519531e+00
3.114493370056152344e+01
-1.835134983062744141e+00
-8.511715888977050781e+00
-1.925094223022460938e+01
1.280228328704833984e+01
-1.533334064483642578e+01
4.540057182312011719e+00
1.018019080162048340e+00
6.666093826293945312e+00
-1.456841945648193359e+00
-6.057471752166748047e+00
1.043442440032958984e+01
-7.749147891998291016e+00
-7.021302700042724609e+00
-1.024275875091552734e+01
1.436174201965332031e+01
-2.830190658569335938e+01
3.602983236312866211e+00
3.151808977127075195e+00
1.744725799560546875e+01
-4.833302497863769531e+00
-1.596236801147460938e+01
-1.109355735778808594e+01
-1.046631813049316406e+01
1.686838340759277344e+01
-5.994051456451416016e+00
1.353803825378417969e+01
7.179666042327880859e+00
9.306401252746582031e+00
-1.093534469604492188e+00
-9.696579933166503906e+00
-5.975504875183105469e+00
-6.859107017517089844e+00
-1.532667827606201172e+01
-1.617264556884765625e+01
-1.033666324615478516e+01
1.034272766113281250e+01
8.832667350769042969e+00
-2.733336210250854492e+00
-3.944700956344604492e+00
-5.854062080383300781e+00
6.881202697753906250e+00
1.325810718536376953e+01
-1.682358622550964355e+00
-1.324695491790771484e+01
4.100963115692138672e+00
5.698647022247314453e+00
-6.305835247039794922e+00
-1.359296607971191406e+01
1.110880851745605469e+01
-2.240368604660034180e+00
6.640954494476318359e+00
6.435595989227294922e+00
-1.362621593475341797e+01
5.276438236236572266e+00
-7.724979877471923828e+00
-1.361982631683349609e+01
-1.398641681671142578e+01
2.789832305908203125e+01
-1.491523647308349609e+01
-7.358620166778564453e+00
-5.476233005523681641e+00
5.151125431060791016e+00
7.801710128784179688e+00
2.327480316162109375e+01
1.870290946960449219e+01
-5.221779346466064453e+00
-9.991470336914062500e+00
-9.196835517883300781e+00
1.015764045715332031e+01
1.104013252258300781e+01
-2.147776031494140625e+01
-6.634537696838378906e+00
5.634618759155273438e+00
-4.760293006896972656e+00
-7.199725151062011719e+00
-1.171937561035156250e+01
-9.064039587974548340e-01
-1.215255928039550781e+01
-1.773510932922363281e+01
-6.808623313903808594e+00
-7.537624835968017578e+00
-3.119142341613769531e+01
5.330896854400634766e+00
-2.488969612121582031e+01
-5.063589096069335938e+00
-1.286645984649658203e+01
-2.014412403106689453e+00
-6.015271544456481934e-01
-4.861295700073242188e+00
1.937100291252136230e-01
5.879235744476318359e+00
-5.996683597564697266e+00
3.827408313751220703e+00
-9.009911537170410156e+00
-2.341223239898681641e+00
1.178748130798339844e+00
1.229318141937255859e+01
3.486273527145385742e+00
-8.850585937500000000e+00
2.945499897003173828e+00
1.451606392860412598e+00
1.235569000244140625e+01
-9.019994735717773438e+00
-1.855350685119628906e+01
-1.000817489624023438e+01
-6.647806644439697266e+00
-1.165265202522277832e+00
-8.963852882385253906e+00
-1.831886100769042969e+01
-6.280405521392822266e+00
-2.055837059020996094e+01
-1.092788982391357422e+01
-5.176361083984375000e+00
1.487352561950683594e+01
6.625455856323242188e+00
-4.979488253593444824e-01
1.007467842102050781e+01
-1.864832878112792969e+01
-4.935507178306579590e-01
1.615426635742187500e+01
-1.891201591491699219e+01
5.508525848388671875e+00
-9.352719306945800781e+00
1.044962978363037109e+01
7.626946926116943359e+00
4.573050975799560547e+00
-2.985733604431152344e+01
-3.658782958984375000e+00
-1.008432102203369141e+01
-6.153470039367675781e+00
-4.635570526123046875e+00
1.842547988891601562e+01
1.279656028747558594e+01
1.839858818054199219e+01
-3.289624691009521484e+00
5.315097332000732422e+00
1.656158828735351562e+01
1.999073791503906250e+01
1.496615886688232422e+01
-8.550580978393554688e+00
3.064126014709472656e+01
2.165955543518066406e+01
-2.612839937210083008e+00
-1.040457344055175781e+01
-8.934322357177734375e+00
9.690360069274902344e+00
-5.561498641967773438e+00
-6.547903537750244141e+00
-1.394054889678955078e+00
9.816646575927734375e+00
7.564909458160400391e+00
-8.879227638244628906e+00
1.760585594177246094e+01
2.979011344909667969e+01
-1.470840740203857422e+01
8.121413230895996094e+00
-1.280030632019042969e+01
1.264729595184326172e+01
4.166394233703613281e+00
4.096795558929443359e+00
1.124303340911865234e+00
7.206968784332275391e+00
8.577610969543457031e+00
-1.051898765563964844e+01
-1.346131706237792969e+01
2.096557617187500000e+01
-1.291401386260986328e+01
-1.275164890289306641e+01
-6.821227550506591797e+00
-8.738220214843750000e+00
1.430290317535400391e+01
2.296274757385253906e+01
-8.332851409912109375e+00
1.476187229156494141e+01
1.085324478149414062e+01
1.360740947723388672e+01
6.964389681816101074e-01
-1.336136531829833984e+01
4.176647186279296875e+00
7.991857051849365234e+00
-9.470676422119140625e+00
6.635368824005126953e+00
9.735414505004882812e+00
-5.294985294342041016e+00
5.227681636810302734e+00
1.064854431152343750e+01
1.476558017730712891e+01
1.403638935089111328e+01
-1.166044330596923828e+01
3.411494016647338867e+00
1.843541717529296875e+01
