5.026058044433593750e+02
8.744818115234375000e+02
1.528141937255859375e+02
8.946167755126953125e+01
8.429443359375000000e+02
3.256338500976562500e+02
1.259415435791015625e+02
1.953962860107421875e+02
4.341906127929687500e+02
1.168201660156250000e+03
2.936540527343750000e+02
2.368788909912109375e+02
4.900448303222656250e+02
1.924432220458984375e+02
2.754334411621093750e+02
7.654182128906250000e+02
8.673798828125000000e+02
8.391465759277343750e+01
3.946619567871093750e+02
1.859845825195312500e+03
2.652672119140625000e+02
1.251467819213867188e+02
1.004268859863281250e+03
1.082841674804687500e+03
2.724439697265625000e+02
1.510677032470703125e+02
2.344463348388671875e+02
4.242507629394531250e+02
1.261881469726562500e+03
1.966835021972656250e+02
9.772025299072265625e+01
1.306961822509765625e+02
2.324442749023437500e+02
2.006975097656250000e+02
2.278198089599609375e+02
5.294307250976562500e+02
3.460259399414062500e+02
2.248405761718750000e+02
9.863183593750000000e+01
9.354024047851562500e+02
1.605710754394531250e+02
1.315518066406250000e+03
1.866686401367187500e+03
3.160638732910156250e+02
1.971326446533203125e+02
1.354458984375000000e+03
5.060165100097656250e+02
1.350459442138671875e+02
6.122808837890625000e+02
2.487410430908203125e+02
1.205897064208984375e+02
1.856875152587890625e+02
1.616930084228515625e+02
2.297247467041015625e+02
1.333466674804687500e+03
5.376406860351562500e+02
1.225474777221679688e+02
4.815718994140625000e+02
1.302015686035156250e+02
6.474641723632812500e+02
7.571716308593750000e+02
2.380517272949218750e+02
3.198010864257812500e+02
1.649573669433593750e+02
1.481489257812500000e+02
1.879262695312500000e+02
5.865970458984375000e+02
2.619199829101562500e+02
2.276548919677734375e+02
3.198588256835937500e+02
2.862677490234375000e+03
9.129381103515625000e+02
2.159473114013671875e+02
3.538236999511718750e+02
2.301543701171875000e+03
5.602745361328125000e+02
1.853754638671875000e+03
1.214535034179687500e+03
7.805910034179687500e+02
5.522848510742187500e+02
9.879204101562500000e+02
1.644885406494140625e+02
4.006162414550781250e+02
5.247066650390625000e+02
2.043077850341796875e+02
5.152586059570312500e+02
1.796923065185546875e+02
4.307978515625000000e+02
1.975448455810546875e+02
5.300039672851562500e+02
1.478699035644531250e+02
1.742590209960937500e+03
5.589285278320312500e+02
4.702582397460937500e+02
1.449364746093750000e+03
3.665992736816406250e+02
1.035451782226562500e+03
5.574075317382812500e+02
8.943272705078125000e+02
2.204367675781250000e+02
8.686655273437500000e+02
1.952711181640625000e+02
1.009620513916015625e+02
2.984779968261718750e+02
3.409824829101562500e+02
1.258350219726562500e+02
6.569451904296875000e+02
2.348699035644531250e+02
3.287593688964843750e+02
5.018572998046875000e+02
1.290042419433593750e+02
1.068345565795898438e+02
9.476828002929687500e+02
1.687897186279296875e+02
9.444963073730468750e+01
8.261294555664062500e+02
1.573455657958984375e+02
9.346479492187500000e+02
2.868279113769531250e+02
2.054518432617187500e+02
4.313620300292968750e+02
1.605553741455078125e+02
7.903311920166015625e+01
1.858248291015625000e+02
3.904371032714843750e+02
2.668518676757812500e+02
1.463500061035156250e+02
1.727402587890625000e+03
6.738585815429687500e+02
6.511248779296875000e+02
2.273920898437500000e+02
1.228298416137695312e+02
2.017784118652343750e+02
3.836969909667968750e+02
1.307046508789062500e+02
6.777042846679687500e+02
2.135822601318359375e+02
8.349447631835937500e+02
5.450130004882812500e+02
1.303208984375000000e+03
1.065071487426757812e+02
8.084085693359375000e+02
7.330513305664062500e+02
2.477010040283203125e+02
1.937576446533203125e+02
1.139575347900390625e+02
1.574227600097656250e+02
3.410739440917968750e+02
7.261141357421875000e+02
1.427473754882812500e+02
3.138257446289062500e+02
4.673467102050781250e+02
2.694009399414062500e+02
1.637149505615234375e+02
1.348351440429687500e+03
1.470565185546875000e+03
1.704333343505859375e+02
7.050631713867187500e+02
1.101404800415039062e+02
3.481695556640625000e+02
1.934707031250000000e+02
1.594656066894531250e+02
1.188830566406250000e+03
9.672913360595703125e+01
2.918426818847656250e+02
8.539531250000000000e+02
6.131138916015625000e+02
1.458784179687500000e+03
2.548719635009765625e+02
9.561368408203125000e+02
1.455252075195312500e+02
1.246548690795898438e+02
1.835941894531250000e+03
4.952794189453125000e+02
2.333084564208984375e+02
1.643482666015625000e+02
2.013493957519531250e+02
7.363131713867187500e+02
1.540295257568359375e+02
1.223452529907226562e+02
4.770197448730468750e+02
2.656161499023437500e+02
9.463355102539062500e+02
1.909491577148437500e+02
4.616980468750000000e+03
3.499748840332031250e+02
9.408656005859375000e+02
2.017859802246093750e+02
2.006147308349609375e+02
1.529280548095703125e+02
5.855643920898437500e+02
2.871614379882812500e+02
1.589879455566406250e+02
3.796502990722656250e+02
4.564046020507812500e+02
5.054414062500000000e+02
6.977244262695312500e+02
1.367218933105468750e+02
2.386667785644531250e+02
1.830775604248046875e+02
1.106649703979492188e+02
4.695191345214843750e+02
1.646509246826171875e+02
3.246225891113281250e+02
1.450268310546875000e+03
7.401502075195312500e+02
1.611843566894531250e+02
1.577841033935546875e+02
1.970553131103515625e+02
4.480894775390625000e+02
2.401671905517578125e+02
3.471431884765625000e+03
3.075755615234375000e+03
6.403840332031250000e+02
1.125863800048828125e+02
9.319091033935546875e+01
1.138221130371093750e+02
3.879895324707031250e+02
3.369969177246093750e+02
1.768936462402343750e+02
2.037128753662109375e+02
2.941877441406250000e+02
1.299333648681640625e+02
1.905839233398437500e+02
5.924223022460937500e+02
7.432995605468750000e+02
1.823508300781250000e+03
5.598633422851562500e+02
9.806798095703125000e+02
4.645837402343750000e+02
2.617841796875000000e+02
1.241378784179687500e+02
1.586220092773437500e+03
2.768225402832031250e+02
1.950018463134765625e+02
9.997534790039062500e+02
2.498180908203125000e+03
2.835669250488281250e+02
1.586925659179687500e+03
5.854019775390625000e+02
1.018893280029296875e+02
6.048674316406250000e+02
1.822971343994140625e+02
1.828491363525390625e+02
1.258980026245117188e+02
7.688428955078125000e+02
1.476262512207031250e+02
5.807380371093750000e+02
9.714074707031250000e+02
2.344283935546875000e+03
4.646090698242187500e+02
4.751618041992187500e+02
1.131924362182617188e+02
2.807462158203125000e+02
4.365047302246093750e+02
6.614414062500000000e+02
