1.455003509521484375e+02
2.562313232421875000e+02
4.391953277587890625e+01
5.385102081298828125e+01
5.301332855224609375e+01
7.614571380615234375e+01
1.495989837646484375e+02
3.895723342895507812e+01
1.148546066284179688e+02
2.479973754882812500e+02
5.477840042114257812e+01
5.593292236328125000e+01
2.805886535644531250e+02
4.590369796752929688e+01
2.368981781005859375e+02
4.327175140380859375e+01
4.791994476318359375e+01
5.173180389404296875e+01
3.698978042602539062e+01
4.802701950073242188e+01
1.053785247802734375e+02
6.439791870117187500e+01
1.859485015869140625e+02
8.985549926757812500e+01
3.806690597534179688e+01
7.305643463134765625e+01
2.195652618408203125e+02
2.939517402648925781e+01
6.166896438598632812e+01
2.988689880371093750e+02
1.248645477294921875e+02
3.437016296386718750e+01
5.031356048583984375e+01
7.898206329345703125e+01
1.147195968627929688e+02
4.644256591796875000e+01
3.495544052124023438e+01
2.248917541503906250e+02
5.877890014648437500e+01
2.786387634277343750e+01
4.543990707397460938e+01
1.342859649658203125e+02
3.720387268066406250e+01
2.898388290405273438e+01
3.605037689208984375e+01
5.190840911865234375e+01
3.546345901489257812e+01
5.169191360473632812e+01
3.220745468139648438e+01
4.295034790039062500e+01
1.283890533447265625e+02
4.004781723022460938e+01
3.905494689941406250e+01
2.897318725585937500e+02
3.570351028442382812e+01
3.550112533569335938e+01
3.492963027954101562e+01
3.854851913452148438e+01
1.068884124755859375e+02
5.034983062744140625e+01
7.056002044677734375e+01
3.957878112792968750e+01
4.088309097290039062e+01
7.716814422607421875e+01
5.702864456176757812e+01
4.341562652587890625e+01
4.669898605346679688e+01
4.061398010253906250e+02
7.800379180908203125e+01
4.539798736572265625e+01
6.380698776245117188e+01
5.058921432495117188e+01
5.431290817260742188e+01
3.447140502929687500e+01
9.566281890869140625e+01
5.042409896850585938e+01
3.542087936401367188e+01
5.277059555053710938e+01
6.255202484130859375e+01
5.370350646972656250e+01
2.250170440673828125e+02
3.382268142700195312e+01
2.843805503845214844e+01
6.318745803833007812e+01
3.447865676879882812e+01
1.186357269287109375e+02
4.323303604125976562e+01
3.562226486206054688e+01
2.870701789855957031e+01
3.550826263427734375e+01
3.094980621337890625e+01
1.705207824707031250e+02
8.226159667968750000e+01
3.495867919921875000e+01
7.969466400146484375e+01
1.910388946533203125e+02
4.739048767089843750e+02
1.828135833740234375e+02
3.916362380981445312e+01
7.238224029541015625e+01
3.815515899658203125e+01
3.130136680603027344e+01
4.211066436767578125e+01
7.607051849365234375e+01
5.518078231811523438e+01
6.824627685546875000e+01
2.575921440124511719e+01
4.204414749145507812e+01
4.274975967407226562e+01
1.220010375976562500e+02
1.793974914550781250e+02
4.148883666992187500e+02
1.106501693725585938e+02
4.305567550659179688e+01
9.426508331298828125e+01
3.868836212158203125e+01
7.104569244384765625e+01
2.121407775878906250e+02
1.367449798583984375e+02
1.552638702392578125e+02
2.873427200317382812e+01
3.194176101684570312e+01
2.374258995056152344e+01
3.602929306030273438e+01
2.490888404846191406e+01
3.676751327514648438e+01
3.919572448730468750e+01
4.016912841796875000e+01
3.929908752441406250e+01
4.599088287353515625e+01
8.080546569824218750e+01
4.836089782714843750e+02
3.486901473999023438e+01
7.106131744384765625e+01
4.304976272583007812e+01
5.505659103393554688e+01
3.419329528808593750e+02
5.466180801391601562e+01
1.730770263671875000e+02
7.739350891113281250e+01
1.776752624511718750e+02
4.064658355712890625e+01
2.557067298889160156e+01
5.743807601928710938e+01
3.578266525268554688e+01
4.926932144165039062e+01
4.858145904541015625e+01
5.565639495849609375e+01
7.746195983886718750e+01
3.583884048461914062e+01
2.714121627807617188e+01
5.517884826660156250e+01
8.257226562500000000e+01
3.279918670654296875e+01
3.009340095520019531e+01
1.982229232788085938e+01
1.095592117309570312e+02
4.152058792114257812e+01
6.310802459716796875e+01
4.633560562133789062e+01
6.436301422119140625e+01
1.368883209228515625e+02
5.369261932373046875e+01
4.658391418457031250e+02
4.719229507446289062e+01
5.230606842041015625e+01
8.024016571044921875e+01
7.755458068847656250e+01
3.226136016845703125e+01
8.187661743164062500e+01
5.636949157714843750e+01
4.974471664428710938e+01
2.528794250488281250e+02
5.738087844848632812e+01
7.703996276855468750e+01
7.164051818847656250e+01
4.314910888671875000e+01
5.731327438354492188e+01
3.643207702636718750e+02
3.683671569824218750e+01
7.851452636718750000e+01
1.218554153442382812e+02
2.575032958984375000e+02
4.280271911621093750e+01
3.281964111328125000e+01
4.177025985717773438e+01
2.379504089355468750e+02
2.098258972167968750e+02
2.861203765869140625e+01
4.218391799926757812e+01
3.177542495727539062e+01
3.519483947753906250e+01
4.015082550048828125e+01
3.932542037963867188e+01
3.269903945922851562e+01
1.883840332031250000e+02
7.803300476074218750e+01
3.238026809692382812e+01
1.216814117431640625e+02
3.715462646484375000e+02
7.603542327880859375e+01
2.722041130065917969e+01
2.965150756835937500e+02
2.631057167053222656e+01
5.020842361450195312e+01
8.129106903076171875e+01
4.936724090576171875e+01
4.043365097045898438e+01
6.882474517822265625e+01
3.785993957519531250e+01
1.561722869873046875e+02
2.570477676391601562e+01
3.379347991943359375e+01
5.855115890502929688e+01
7.677982330322265625e+01
2.778880882263183594e+01
6.871869659423828125e+01
1.282599945068359375e+02
4.679834747314453125e+01
9.793797302246093750e+01
5.960235214233398438e+01
9.064478302001953125e+01
5.511013031005859375e+01
2.135767364501953125e+02
5.815869140625000000e+01
8.008550262451171875e+01
3.908291320800781250e+02
5.669704055786132812e+01
2.290952911376953125e+02
5.677728652954101562e+01
3.172031784057617188e+01
3.524853820800781250e+02
1.213600387573242188e+02
9.712295532226562500e+01
4.999893188476562500e+01
7.206879425048828125e+01
2.777136230468750000e+02
7.213070678710937500e+01
2.619392585754394531e+01
4.548579788208007812e+01
3.109533882141113281e+01
5.051729583740234375e+01
5.231139373779296875e+01
3.137668991088867188e+01
4.665438461303710938e+01
7.790559387207031250e+01
3.750464172363281250e+02
4.162994003295898438e+01
3.392197036743164062e+01
1.482504882812500000e+02
1.707824401855468750e+02
3.426811981201171875e+01
5.900322341918945312e+01
2.512874603271484375e+01
4.474592590332031250e+01
7.783399963378906250e+01
