-1.244033718109130859e+01
-1.458763504028320312e+01
3.915950059890747070e+00
-6.540235996246337891e+00
-6.501455783843994141e+00
-3.731980800628662109e+00
1.222546195983886719e+01
-7.830044269561767578e+00
-2.708074331283569336e+00
-3.808562278747558594e+00
-8.086247444152832031e+00
1.114004611968994141e+01
-6.189555644989013672e+00
-1.871143341064453125e+00
-9.702805519104003906e+00
7.580319881439208984e+00
-2.440429210662841797e+00
-2.109280776977539062e+01
1.881112933158874512e+00
-7.370212078094482422e+00
-1.595532774925231934e+00
1.050426101684570312e+01
1.022849917411804199e+00
-3.065625905990600586e+00
-9.040242195129394531e+00
1.032410240173339844e+01
9.948103904724121094e+00
-1.147568607330322266e+01
-2.102828741073608398e+00
-8.596611022949218750e+00
-1.185788726806640625e+01
-5.844244956970214844e+00
3.250908374786376953e+00
-3.756304979324340820e+00
-1.712271499633789062e+01
5.188258171081542969e+00
-1.184557342529296875e+01
-4.658996582031250000e+00
1.282698249816894531e+01
-5.537109851837158203e+00
3.490544080734252930e+00
-6.942457675933837891e+00
-8.933259010314941406e+00
3.512535572052001953e+00
-5.791116714477539062e+00
-4.593760490417480469e+00
-5.937515292316675186e-03
-9.942091703414916992e-01
6.382325291633605957e-01
9.138024330139160156e+00
-1.172830772399902344e+01
-5.500857904553413391e-02
8.205524444580078125e+00
3.136533737182617188e+00
-9.374795913696289062e+00
4.042053222656250000e+00
-9.714235067367553711e-01
-1.177264595031738281e+01
-7.046204566955566406e+00
-1.460526227951049805e+00
1.618653774261474609e+00
5.001683235168457031e-01
1.451187801361083984e+01
5.880212783813476562e-01
-1.610358428955078125e+01
4.814516067504882812e+00
-1.184579133987426758e+00
-1.846795463562011719e+01
-9.983075261116027832e-01
1.066306877136230469e+01
8.014121055603027344e+00
2.977467179298400879e-01
-1.087827205657958984e+01
-2.840300083160400391e+00
-7.302127480506896973e-01
3.282051324844360352e+00
1.463032913208007812e+01
-1.130813980102539062e+01
1.497538834810256958e-01
-5.950147151947021484e+00
4.271826744079589844e+00
-6.233863353729248047e+00
1.447319889068603516e+01
-1.612036132812500000e+01
3.773526430130004883e+00
-1.618484878540039062e+01
-9.405869483947753906e+00
-7.418977737426757812e+00
-1.011773869395256042e-01
3.988833427429199219e+00
1.712723731994628906e+00
-7.443181872367858887e-01
1.299730300903320312e+01
7.082182407379150391e+00
-4.343852519989013672e+00
8.451466560363769531e+00
1.772543787956237793e+00
-3.430617094039916992e+00
-2.830353498458862305e+00
3.710063993930816650e-01
-8.259338736534118652e-01
-3.965924024581909180e+00
4.253613948822021484e-01
1.618613123893737793e+00
6.241251945495605469e+00
-3.629952430725097656e+00
6.231997489929199219e+00
-1.728496551513671875e+01
1.285125494003295898e+00
2.886834740638732910e-01
3.802731037139892578e+00
-1.217967319488525391e+01
1.562967658042907715e+00
1.766627430915832520e+00
-9.423608779907226562e-01
-5.026415348052978516e+00
4.278726577758789062e+00
3.443975210189819336e+00
-1.056433582305908203e+01
-1.814565420150756836e+00
7.893921852111816406e+00
2.273985099792480469e+01
-5.906690597534179688e+00
-4.717604637145996094e+00
5.205097198486328125e+00
1.100412940979003906e+01
1.939223098754882812e+01
3.976256370544433594e+00
-9.780629158020019531e+00
2.745417833328247070e+00
-6.032687664031982422e+00
9.472994804382324219e+00
-1.334398031234741211e+00
-1.595353698730468750e+01
1.225497150421142578e+01
-8.990548133850097656e+00
2.053215026855468750e+01
3.200815916061401367e+00
2.596069335937500000e+00
-2.055877685546875000e+00
1.450002551078796387e+00
-7.416746020317077637e-01
1.313032341003417969e+01
-2.717235565185546875e+00
1.973521947860717773e+00
-5.252715587615966797e+00
7.350777626037597656e+00
-2.096424341201782227e+00
-7.508322238922119141e+00
-1.680774307250976562e+01
3.547573804855346680e+00
-3.844866991043090820e+00
-1.711006927490234375e+01
6.367088317871093750e+00
-1.755785226821899414e+00
-8.654870986938476562e+00
6.258049011230468750e+00
8.017360687255859375e+00
-1.241616535186767578e+01
9.762756824493408203e-01
-5.735431194305419922e+00
-8.632495880126953125e+00
1.056431293487548828e+01
-1.600064873695373535e+00
-2.204633712768554688e+00
-3.236121416091918945e+00
-4.224373817443847656e+00
-1.101912498474121094e+01
-7.699631690979003906e+00
8.210160255432128906e+00
-2.573304891586303711e+00
3.043361425399780273e+00
-1.858112692832946777e+00
1.038699150085449219e+00
6.970943450927734375e+00
-7.297596931457519531e+00
-2.257662057876586914e+00
-1.481683373451232910e+00
1.457369995117187500e+01
2.404072523117065430e+00
-6.625088691711425781e+00
7.563876628875732422e+00
1.798503875732421875e+01
9.155946373939514160e-01
-3.539952278137207031e+00
-1.255272746086120605e+00
8.120489120483398438e-02
6.338346004486083984e+00
6.175450801849365234e+00
1.043608856201171875e+01
7.139120101928710938e+00
-1.671858787536621094e+01
9.671587944030761719e+00
6.303059458732604980e-01
3.819144248962402344e+00
-2.526262998580932617e-01
-4.455440044403076172e+00
-1.185202217102050781e+01
1.270012855529785156e+01
8.675547599792480469e+00
-1.738406181335449219e+00
-4.620474338531494141e+00
-6.652267456054687500e+00
-1.421542453765869141e+01
-9.301417350769042969e+00
-6.215973854064941406e+00
1.291942834854125977e+00
1.901531219482421875e+00
1.052825641632080078e+01
-2.387232065200805664e+00
1.920630264282226562e+01
-9.363903045654296875e+00
6.394144535064697266e+00
3.049320220947265625e+00
3.543306589126586914e+00
-2.149662017822265625e+00
-9.103837013244628906e+00
-3.020989179611206055e+00
3.955476045608520508e+00
1.033594799041748047e+01
9.623039245605468750e+00
1.111602592468261719e+01
8.281959533691406250e+00
-1.129240798950195312e+01
-2.797134876251220703e+00
2.820712924003601074e-01
2.466709852218627930e+00
6.555345058441162109e+00
1.258198261260986328e+01
6.400774121284484863e-01
1.053075695037841797e+01
-1.750185775756835938e+01
-1.131953716278076172e+00
2.996296405792236328e+00
-9.160714149475097656e+00
1.312817335128784180e+00
-1.097165346145629883e+00
-1.809731960296630859e+00
3.101841688156127930e+00
-3.871762156486511230e-01
8.112714767456054688e+00
-1.205427455902099609e+01
1.309757518768310547e+01
1.374402809143066406e+01
-7.103986740112304688e+00
-1.139473628997802734e+01
-6.079659461975097656e+00
-6.257554531097412109e+00
-4.385870456695556641e+00
-3.168109655380249023e+00
1.237203121185302734e+00
-6.570886969566345215e-01
7.400274753570556641e+00
-6.194162845611572266e+00
-3.361465692520141602e+00
-6.649091720581054688e+00
