-2.311165094375610352e+00
-1.818606615066528320e+00
-1.458835124969482422e+00
-2.162531614303588867e+00
-1.714800000190734863e+00
9.315643906593322754e-01
-3.440016031265258789e+00
-2.312366485595703125e+00
4.487792775034904480e-02
-4.884150922298431396e-01
8.864033222198486328e-01
-1.324734449386596680e+00
-1.629764676094055176e+00
-4.321258068084716797e+00
-1.074722409248352051e+00
-1.229874849319458008e+00
-1.948283165693283081e-01
-3.509099006652832031e+00
-5.321027636528015137e-01
-8.066672682762145996e-01
-8.060019612312316895e-01
-1.893774867057800293e+00
-2.040179014205932617e+00
-1.254861474037170410e+00
-1.283287525177001953e+00
-9.517289996147155762e-01
-2.881515026092529297e+00
-2.005924701690673828e+00
6.667690277099609375e-01
-2.730916738510131836e+00
-4.223551750183105469e+00
3.597965240478515625e-01
-1.225900292396545410e+00
-1.547394633293151855e+00
4.318465292453765869e-02
-2.229363918304443359e+00
-2.348223477602005005e-01
-1.482127308845520020e+00
-6.615383625030517578e-01
-1.488550424575805664e+00
-1.988785028457641602e+00
-2.846442162990570068e-01
2.353329509496688843e-01
-4.637428224086761475e-01
-1.132471442222595215e+00
-1.144513487815856934e+00
7.842607498168945312e-01
-8.540881276130676270e-01
-1.104506134986877441e+00
4.023915529251098633e-02
-1.786851435899734497e-01
5.552119612693786621e-01
-4.925577640533447266e-01
-5.799180269241333008e-01
-1.747385025024414062e+00
-7.067693471908569336e-01
3.552975952625274658e-01
-1.211787462234497070e-01
-2.309087514877319336e+00
2.788047790527343750e-01
-4.764217138290405273e-01
-9.391511678695678711e-01
5.121815204620361328e-01
-1.713889122009277344e+00
7.700592279434204102e-01
-8.770995587110519409e-02
-2.129972934722900391e+00
-1.058010339736938477e+00
-7.213806509971618652e-01
-7.594175934791564941e-01
1.013521790504455566e+00
-9.796406626701354980e-01
-7.536914348602294922e-01
-2.145846366882324219e+00
-1.495028853416442871e+00
-3.515062332153320312e+00
4.804963469505310059e-01
-1.451710224151611328e+00
-2.333603858947753906e+00
-1.659166455268859863e+00
-1.487912178039550781e+00
-1.040631890296936035e+00
4.369869530200958252e-01
-2.235713005065917969e+00
-1.798287749290466309e+00
-5.143592357635498047e-01
-1.681021928787231445e+00
-4.233324229717254639e-01
3.212630748748779297e-01
-2.462727546691894531e+00
-1.169974133372306824e-01
-4.187448978424072266e+00
-9.228809475898742676e-01
-1.664454817771911621e+00
6.637060046195983887e-01
-1.713722586631774902e+00
-1.093257069587707520e+00
-4.767771959304809570e-01
-2.335654497146606445e-01
-3.218425989151000977e+00
-1.718355894088745117e+00
-2.304936408996582031e+00
-1.071129322052001953e+00
1.103759482502937317e-01
-1.340222001075744629e+00
-1.430605173110961914e+00
3.617253541946411133e+00
-1.620253562927246094e+00
-7.243168950080871582e-01
-3.238305091857910156e+00
1.178097367286682129e+00
2.130451202392578125e-01
-2.671100199222564697e-01
-1.307467103004455566e+00
-2.525592088699340820e+00
-2.150397062301635742e+00
-7.954733371734619141e-01
1.720277309417724609e+00
-6.694096922874450684e-01
-2.904819965362548828e+00
-1.413784980773925781e+00
5.571179986000061035e-01
1.453992277383804321e-01
-1.148350119590759277e+00
-1.437903881072998047e+00
-1.173270702362060547e+00
-2.161995887756347656e+00
-8.844986557960510254e-01
