1.129889526367187500e+03
9.088309936523437500e+02
2.747431335449218750e+02
5.213726196289062500e+02
3.761022644042968750e+02
2.621005859375000000e+02
1.861210449218750000e+03
1.820301361083984375e+02
3.875410156250000000e+02
3.387406311035156250e+02
2.082064697265625000e+03
8.840704956054687500e+02
5.924707031250000000e+02
2.786792297363281250e+02
1.348039184570312500e+03
2.172457733154296875e+02
5.667959594726562500e+02
2.706663513183593750e+02
5.019722595214843750e+02
5.628810424804687500e+02
1.084202041625976562e+02
9.323620605468750000e+01
5.261928100585937500e+02
2.073834228515625000e+02
1.535682678222656250e+02
7.135434570312500000e+02
8.653748168945312500e+02
2.634313659667968750e+02
5.599773559570312500e+02
2.201429443359375000e+03
2.454439239501953125e+02
7.067626342773437500e+02
1.021838912963867188e+02
1.249951553344726562e+02
1.711715698242187500e+02
2.122460937500000000e+02
6.980527954101562500e+02
3.262717285156250000e+02
1.697633209228515625e+02
4.824127807617187500e+02
2.737904052734375000e+02
1.175081787109375000e+02
7.984329223632812500e+02
1.697881622314453125e+02
6.100886840820312500e+02
1.685450195312500000e+03
1.122150634765625000e+03
3.125324096679687500e+02
2.930017089843750000e+02
3.504893493652343750e+02
1.599299774169921875e+02
4.411025085449218750e+02
5.219394531250000000e+02
1.981208953857421875e+02
1.147641754150390625e+02
1.114072723388671875e+02
3.913336791992187500e+02
7.571279144287109375e+01
1.356933593750000000e+02
1.448358154296875000e+02
2.500352935791015625e+02
3.840321350097656250e+02
1.531340484619140625e+02
4.384071960449218750e+02
2.143077392578125000e+03
1.590333557128906250e+02
4.495714416503906250e+02
1.317707885742187500e+03
7.448326416015625000e+02
1.326598815917968750e+02
1.276846694946289062e+02
1.171841888427734375e+02
3.204976806640625000e+02
1.903402862548828125e+02
1.829872131347656250e+02
1.827420959472656250e+02
7.980452270507812500e+02
1.763099517822265625e+02
1.073781433105468750e+02
5.783171997070312500e+02
1.103236450195312500e+03
1.656653747558593750e+02
1.529483032226562500e+03
2.514662475585937500e+02
1.069122161865234375e+02
4.811587219238281250e+02
1.206555023193359375e+02
9.517166137695312500e+01
3.095272521972656250e+02
1.707708892822265625e+02
9.800504302978515625e+01
4.560328979492187500e+02
1.941144714355468750e+02
2.805035705566406250e+02
1.605374267578125000e+03
3.363153076171875000e+02
1.046224975585937500e+03
1.752378387451171875e+02
1.583965148925781250e+02
1.698094940185546875e+02
6.389447021484375000e+02
1.476350952148437500e+03
2.709998168945312500e+02
1.706032409667968750e+02
2.638815917968750000e+02
9.550167846679687500e+01
1.172323120117187500e+03
3.311007995605468750e+02
3.234766113281250000e+03
6.139382324218750000e+02
1.716823364257812500e+03
3.246133117675781250e+02
1.261340866088867188e+02
2.133178253173828125e+02
2.481950683593750000e+02
1.520580078125000000e+03
3.666322631835937500e+02
1.823845214843750000e+02
1.933504180908203125e+02
9.447502136230468750e+01
2.483813476562500000e+03
1.087007522583007812e+02
1.465212707519531250e+02
9.244403076171875000e+01
1.378624572753906250e+02
1.541840362548828125e+02
7.158050537109375000e+02
3.094941101074218750e+02
1.784936065673828125e+02
4.519163513183593750e+02
3.926276855468750000e+02
1.610328857421875000e+03
1.300260314941406250e+02
6.885654907226562500e+02
1.697672882080078125e+02
4.880505981445312500e+02
1.186124420166015625e+02
1.408379516601562500e+02
9.365053558349609375e+01
5.074040832519531250e+02
1.428677124023437500e+03
2.363821411132812500e+02
1.906746459960937500e+03
1.871880798339843750e+02
2.056821746826171875e+02
8.185671386718750000e+02
9.636941528320312500e+01
5.402877807617187500e+02
8.470141601562500000e+01
1.799123229980468750e+02
9.491380615234375000e+02
7.743590087890625000e+02
5.126504516601562500e+02
4.249833374023437500e+02
6.499217987060546875e+01
1.518522094726562500e+03
2.318906402587890625e+02
1.719085235595703125e+02
5.426272583007812500e+02
6.009949340820312500e+02
2.062790771484375000e+03
5.089362792968750000e+02
1.161454589843750000e+03
9.643538665771484375e+01
2.100866241455078125e+02
2.698587646484375000e+02
4.973496093750000000e+02
2.139253997802734375e+02
8.555826416015625000e+02
7.933180236816406250e+01
3.993913879394531250e+02
2.840822753906250000e+02
7.245086059570312500e+02
1.396378051757812500e+03
5.908405761718750000e+02
1.238206909179687500e+03
1.822937500000000000e+03
8.458812255859375000e+02
5.770933837890625000e+02
1.924814910888671875e+02
8.395389404296875000e+02
6.544297485351562500e+02
2.100061798095703125e+02
2.319189300537109375e+02
2.450114593505859375e+02
1.651704223632812500e+03
3.329274597167968750e+02
2.692524414062500000e+02
1.315395507812500000e+02
2.695370788574218750e+02
1.592100067138671875e+02
7.062964477539062500e+02
2.691570434570312500e+02
3.634214477539062500e+02
6.684619750976562500e+02
1.276067504882812500e+03
5.755382080078125000e+02
7.823143920898437500e+02
5.159290161132812500e+02
4.101822204589843750e+02
9.214404296875000000e+01
1.174491882324218750e+02
2.201808013916015625e+02
2.031078033447265625e+02
2.097845153808593750e+02
1.408627471923828125e+02
4.246377258300781250e+02
2.316845458984375000e+03
1.056727447509765625e+02
6.020686035156250000e+02
5.683743896484375000e+02
3.038407287597656250e+02
1.583741302490234375e+02
1.015987548828125000e+02
3.045487365722656250e+02
1.634167480468750000e+03
1.317030181884765625e+02
1.298582305908203125e+02
1.283424224853515625e+02
9.035108032226562500e+02
2.700396728515625000e+02
4.297776794433593750e+02
2.168564697265625000e+03
2.026377258300781250e+02
1.103357391357421875e+02
2.237009735107421875e+02
6.053295898437500000e+02
1.811211090087890625e+02
1.510208282470703125e+02
1.349188232421875000e+03
5.219136352539062500e+02
5.051337280273437500e+02
4.502617797851562500e+02
9.625977783203125000e+02
1.828343505859375000e+02
4.314772033691406250e+02
5.570468750000000000e+02
4.609603576660156250e+02
1.335693817138671875e+02
6.567664794921875000e+02
2.996654052734375000e+02
1.332729492187500000e+03
1.840075988769531250e+02
4.593236389160156250e+02
1.779250793457031250e+02
5.180098266601562500e+02
1.171740722656250000e+02
1.739776458740234375e+02
4.093348999023437500e+02
4.216222534179687500e+02
6.112366333007812500e+02
1.099305114746093750e+02
4.861892700195312500e+02
7.895632934570312500e+02
3.829438781738281250e+02
3.789087524414062500e+02
