1.706338500976562500e+02
1.502661621093750000e+03
5.217049560546875000e+02
1.322700805664062500e+03
2.310962219238281250e+02
1.922131500244140625e+02
7.281270599365234375e+01
1.785635986328125000e+03
2.493443450927734375e+02
4.325001525878906250e+02
9.238748168945312500e+02
2.408037719726562500e+02
5.068583679199218750e+02
4.104183197021484375e+01
1.673601226806640625e+02
1.932531738281250000e+03
3.857606506347656250e+01
1.065619201660156250e+02
3.374212341308593750e+02
1.377085266113281250e+02
1.752819213867187500e+02
1.020576553344726562e+02
4.699939270019531250e+02
2.633229980468750000e+02
2.823446655273437500e+02
1.907419281005859375e+02
3.557129516601562500e+02
3.956812133789062500e+02
8.154032897949218750e+01
6.734641113281250000e+02
5.603402709960937500e+02
3.311232910156250000e+02
1.636700592041015625e+02
5.145814819335937500e+02
3.818066711425781250e+02
2.542137145996093750e+02
2.232975158691406250e+02
5.110166320800781250e+02
5.503170166015625000e+02
1.164467086791992188e+02
5.893359985351562500e+02
1.640402832031250000e+02
5.357786254882812500e+02
5.025875244140625000e+02
6.509408569335937500e+02
1.112436599731445312e+02
1.824442291259765625e+01
1.652358276367187500e+03
4.256317749023437500e+02
9.985507812500000000e+02
8.104312133789062500e+01
1.151967391967773438e+02
3.438750915527343750e+02
3.499531555175781250e+02
2.555168457031250000e+02
1.309845733642578125e+02
3.499017333984375000e+01
8.229228210449218750e+01
4.410203247070312500e+02
5.980994873046875000e+02
2.245462646484375000e+02
1.130213699340820312e+02
1.875706634521484375e+02
1.285603179931640625e+02
1.259057617187500000e+03
1.710693359375000000e+02
2.758770141601562500e+02
1.729710815429687500e+03
2.867286987304687500e+02
5.866820068359375000e+02
2.466839447021484375e+02
1.345878124237060547e+01
5.546891784667968750e+01
3.028149223327636719e+01
1.710233306884765625e+01
1.451549835205078125e+02
7.187290191650390625e+01
4.502098083496093750e+02
6.399763183593750000e+02
5.944899902343750000e+02
1.843123413085937500e+03
1.747576713562011719e+01
3.411611938476562500e+01
1.443496704101562500e+02
2.454306793212890625e+02
5.990552978515625000e+02
4.337017211914062500e+02
2.834328002929687500e+02
1.879564056396484375e+02
2.400984039306640625e+02
9.274957885742187500e+02
3.808916931152343750e+02
1.212669982910156250e+02
6.879855346679687500e+01
2.884325561523437500e+02
6.239415893554687500e+02
2.366086578369140625e+02
2.577801513671875000e+02
9.028347778320312500e+01
1.202801391601562500e+03
2.092802276611328125e+02
1.331906280517578125e+02
3.904751586914062500e+01
1.608657264709472656e+01
1.699585876464843750e+02
4.459278869628906250e+01
2.728238220214843750e+02
4.302600097656250000e+02
4.625534973144531250e+02
3.845555419921875000e+02
3.804042663574218750e+02
1.425938568115234375e+02
1.950096740722656250e+02
7.884003448486328125e+01
8.766849517822265625e+01
2.786788330078125000e+02
4.768893432617187500e+01
1.024080444335937500e+03
1.254196472167968750e+02
1.190690383911132812e+02
4.069097290039062500e+02
5.544111938476562500e+02
6.592898559570312500e+02
1.564366912841796875e+02
2.203180084228515625e+02
2.608576660156250000e+02
9.193307495117187500e+02
1.313602142333984375e+02
1.045398681640625000e+03
1.216731201171875000e+03
2.362197265625000000e+02
3.388394165039062500e+02
2.274146118164062500e+02
9.519363403320312500e+01
1.298802032470703125e+02
4.254313049316406250e+02
2.880365600585937500e+02
8.664455413818359375e+01
3.574622192382812500e+02
2.049179687500000000e+02
3.823508911132812500e+02
6.737493896484375000e+01
4.534033584594726562e+01
5.307899169921875000e+02
7.470187377929687500e+02
9.156035614013671875e+01
1.237101074218750000e+03
1.352693176269531250e+02
4.220068054199218750e+02
2.331005554199218750e+02
2.303312072753906250e+02
1.824487152099609375e+02
6.079923248291015625e+01
1.605287780761718750e+02
8.919486083984375000e+02
5.313782958984375000e+02
1.119580307006835938e+02
4.531835556030273438e+01
1.424722747802734375e+02
2.708376884460449219e+01
2.563552551269531250e+02
2.342369689941406250e+02
2.949727478027343750e+02
1.482685852050781250e+02
3.496223831176757812e+01
4.409579086303710938e+01
1.509613952636718750e+02
3.870931701660156250e+02
5.216353149414062500e+02
2.066379852294921875e+02
7.616647338867187500e+02
7.029752807617187500e+02
2.926268310546875000e+02
1.722220458984375000e+02
9.437213897705078125e+01
9.477280883789062500e+02
6.605510711669921875e+01
1.776896095275878906e+01
7.135430297851562500e+02
3.111596984863281250e+02
7.009600830078125000e+02
4.964355163574218750e+02
4.072459106445312500e+02
2.892698669433593750e+02
4.024550476074218750e+02
5.155414428710937500e+02
1.327267456054687500e+02
3.499743957519531250e+02
9.111254882812500000e+01
3.125394287109375000e+02
2.576238708496093750e+02
1.914337524414062500e+03
2.736910095214843750e+02
5.397954101562500000e+02
5.823449096679687500e+02
2.528081054687500000e+02
3.020829467773437500e+02
6.471685791015625000e+02
6.506685180664062500e+02
7.650764465332031250e+01
1.269150772094726562e+02
3.661483459472656250e+02
3.061095275878906250e+02
2.595947875976562500e+02
1.654177246093750000e+02
1.112187622070312500e+03
1.342364624023437500e+03
2.056966400146484375e+02
2.817394409179687500e+02
3.491949462890625000e+02
3.164505004882812500e+02
1.531269989013671875e+02
8.498578643798828125e+01
1.530763149261474609e+01
1.372988586425781250e+02
8.588680267333984375e+01
5.552701568603515625e+01
1.431693603515625000e+03
1.546406005859375000e+03
1.394707794189453125e+02
2.516229248046875000e+02
5.474976806640625000e+02
2.356579132080078125e+02
2.352597961425781250e+02
1.351385192871093750e+02
1.543406982421875000e+02
3.114426879882812500e+02
8.456041870117187500e+02
2.225584411621093750e+02
5.107650451660156250e+02
1.061011840820312500e+03
5.156621551513671875e+01
1.440555419921875000e+02
8.258966827392578125e+01
1.444193420410156250e+02
6.955956420898437500e+02
3.422106018066406250e+02
2.217225036621093750e+02
1.214421157836914062e+02
7.088473510742187500e+01
2.486864624023437500e+02
4.713817977905273438e+01
1.016589355468750000e+03
3.062038574218750000e+02
9.570562744140625000e+01
2.631012573242187500e+02
1.526013793945312500e+02
2.477923278808593750e+02
3.937139587402343750e+02
1.824715423583984375e+02
3.401281433105468750e+02
1.749273986816406250e+02
1.672621612548828125e+02
5.667012939453125000e+02
6.061813964843750000e+02
5.176925048828125000e+02
