1.343423156738281250e+02
2.422671356201171875e+02
1.447636108398437500e+02
2.036169281005859375e+02
1.176527252197265625e+02
9.930109863281250000e+02
1.423816040039062500e+03
5.942070922851562500e+02
2.646043090820312500e+02
1.818959045410156250e+02
1.568187408447265625e+02
9.232210083007812500e+02
1.852669067382812500e+02
2.938665466308593750e+02
2.200101165771484375e+02
6.173278808593750000e+02
3.523355102539062500e+02
1.208201599121093750e+02
2.242207336425781250e+02
1.712052001953125000e+02
1.126371688842773438e+02
1.967093658447265625e+02
1.399294891357421875e+02
4.881934204101562500e+02
1.376320343017578125e+02
2.286656646728515625e+02
2.088058624267578125e+02
1.836673431396484375e+02
1.722077026367187500e+02
4.621972961425781250e+02
2.015858917236328125e+02
1.541791229248046875e+02
7.345715942382812500e+02
1.276402969360351562e+02
1.690072631835937500e+02
5.056586608886718750e+02
4.173250427246093750e+02
2.391782684326171875e+02
1.384005889892578125e+02
2.194040374755859375e+02
2.594689941406250000e+02
4.210181274414062500e+02
1.130465332031250000e+03
1.986730346679687500e+02
6.836514282226562500e+02
8.255960693359375000e+02
2.752206726074218750e+02
9.356459350585937500e+02
4.549044189453125000e+02
1.229229583740234375e+02
3.084380798339843750e+02
2.856907348632812500e+02
1.732419738769531250e+02
8.206629638671875000e+02
1.554100952148437500e+03
3.695366210937500000e+02
1.538922119140625000e+02
9.459475097656250000e+02
9.588143310546875000e+02
1.527458648681640625e+02
2.618856506347656250e+02
4.459556274414062500e+02
7.422279663085937500e+02
1.646266632080078125e+02
2.446313476562500000e+02
2.377916259765625000e+02
2.096254119873046875e+02
1.083191894531250000e+03
1.207974929809570312e+02
2.387205505371093750e+02
2.664053039550781250e+02
1.505992126464843750e+02
2.880007629394531250e+02
2.407956848144531250e+02
2.382050170898437500e+02
5.941468505859375000e+02
1.999136505126953125e+02
7.872545776367187500e+02
2.035034790039062500e+02
3.110372314453125000e+02
1.955335235595703125e+02
1.533721923828125000e+02
1.937075347900390625e+02
1.961108551025390625e+02
3.859197082519531250e+02
4.264118957519531250e+02
7.114224853515625000e+02
2.676263732910156250e+02
4.324675903320312500e+02
2.538283691406250000e+03
2.146476593017578125e+02
1.314972381591796875e+02
4.487625122070312500e+02
2.832229614257812500e+02
2.244956207275390625e+02
7.342565917968750000e+02
2.198062591552734375e+02
9.892756958007812500e+02
2.153008270263671875e+02
3.538260803222656250e+02
2.203929595947265625e+02
1.017568054199218750e+02
2.588106994628906250e+02
2.015311737060546875e+02
7.558598022460937500e+02
2.037759857177734375e+02
7.821687622070312500e+02
9.832180175781250000e+02
2.795593566894531250e+02
6.038606567382812500e+02
2.841635437011718750e+02
2.545388793945312500e+02
2.477264251708984375e+02
4.379989013671875000e+02
1.571325378417968750e+02
1.049844726562500000e+03
1.688395080566406250e+02
3.284478759765625000e+02
1.569519348144531250e+02
8.805411376953125000e+02
2.460870208740234375e+02
1.205054779052734375e+02
6.027719726562500000e+02
2.829732360839843750e+02
3.486185607910156250e+02
8.798311157226562500e+02
5.691792602539062500e+02
5.554420776367187500e+02
1.501406982421875000e+03
1.493962097167968750e+02
1.634318084716796875e+02
3.095266418457031250e+02
5.224484252929687500e+02
1.338645324707031250e+02
1.668902893066406250e+02
2.947214050292968750e+02
2.486190338134765625e+02
1.566566772460937500e+03
1.914089813232421875e+02
7.855141601562500000e+02
7.845349121093750000e+02
1.693509674072265625e+02
4.468350830078125000e+02
3.496963195800781250e+02
5.837826538085937500e+02
2.495016326904296875e+02
1.011103210449218750e+03
8.890587768554687500e+02
1.282926177978515625e+02
1.881750976562500000e+03
2.845016174316406250e+02
5.180589599609375000e+02
2.221182250976562500e+02
1.496022033691406250e+02
1.170656860351562500e+03
2.009882354736328125e+02
7.405382080078125000e+02
2.219857025146484375e+02
1.438673553466796875e+02
1.733030548095703125e+02
1.043834716796875000e+03
6.730485839843750000e+02
1.910639038085937500e+02
4.403588867187500000e+02
4.962436523437500000e+02
4.981119079589843750e+02
4.314868469238281250e+02
4.446685180664062500e+02
2.815557373046875000e+03
1.012458862304687500e+03
1.222425170898437500e+03
3.827068481445312500e+02
9.812018432617187500e+02
1.711946655273437500e+03
2.145459899902343750e+02
1.079619827270507812e+02
2.408414459228515625e+02
3.304847412109375000e+02
4.606000366210937500e+02
3.846776123046875000e+02
1.501264801025390625e+02
3.245426635742187500e+02
4.521599426269531250e+02
1.147806243896484375e+02
6.791921997070312500e+02
3.020396118164062500e+02
3.764647521972656250e+02
3.409621887207031250e+02
5.254240112304687500e+02
1.715326538085937500e+02
3.706258239746093750e+02
2.773279113769531250e+02
2.355411376953125000e+02
2.128636016845703125e+02
1.095970703125000000e+03
3.429118957519531250e+02
1.481495513916015625e+02
3.331592102050781250e+02
5.874537353515625000e+02
7.575928344726562500e+02
2.303980560302734375e+02
1.215393524169921875e+02
2.802893676757812500e+02
2.901041564941406250e+02
7.098170776367187500e+02
3.712342834472656250e+02
2.921026306152343750e+02
3.951151733398437500e+02
8.423095092773437500e+02
2.425708465576171875e+02
6.650989379882812500e+02
1.320121002197265625e+02
4.394554748535156250e+02
4.398082885742187500e+02
1.735416107177734375e+02
3.519859313964843750e+02
1.955064697265625000e+02
9.576157226562500000e+02
1.966440277099609375e+02
2.033601928710937500e+03
4.146001281738281250e+02
2.635012207031250000e+02
2.641041564941406250e+02
6.937129516601562500e+02
1.640797882080078125e+02
1.167009277343750000e+03
8.075371093750000000e+02
1.917675933837890625e+02
2.346089630126953125e+02
3.056973266601562500e+02
3.368592834472656250e+02
5.358120727539062500e+02
3.829126892089843750e+02
1.609549102783203125e+02
9.541238403320312500e+01
1.890072021484375000e+02
5.727738647460937500e+02
5.607894287109375000e+02
1.410423889160156250e+02
8.356086425781250000e+02
1.127673095703125000e+03
1.532777709960937500e+03
1.725948638916015625e+02
1.795345153808593750e+02
1.133220825195312500e+03
2.823958740234375000e+02
1.738111267089843750e+02
2.165495605468750000e+02
9.892802124023437500e+02
1.722551727294921875e+02
4.082402648925781250e+02
6.215582275390625000e+02
1.301579132080078125e+02
2.211753540039062500e+02
3.147405700683593750e+02
1.719058105468750000e+03
