-1.985458183288574219e+01
-6.751962661743164062e+00
1.697945594787597656e+01
-1.841331291198730469e+01
-7.458214759826660156e+00
5.976572990417480469e+00
7.518699645996093750e+00
7.910921096801757812e+00
-2.586247634887695312e+01
1.947515869140625000e+01
1.064027786254882812e+01
2.391570091247558594e+00
-2.074907302856445312e+01
1.111102676391601562e+01
-2.949419593811035156e+01
-5.722932338714599609e+00
-6.655022621154785156e+00
-4.231950759887695312e+00
1.113334751129150391e+01
2.708303833007812500e+01
-2.529647445678710938e+01
-5.272609710693359375e+00
-7.111432075500488281e+00
3.229055786132812500e+01
1.228173065185546875e+01
4.866949558258056641e+00
-7.553236484527587891e+00
-2.953557586669921875e+01
1.832099151611328125e+01
-2.366777420043945312e+00
-1.083049297332763672e+01
-3.596052551269531250e+01
3.240375137329101562e+01
1.520628547668457031e+01
-5.224574565887451172e+00
1.574831485748291016e+01
1.017834663391113281e+01
2.867252731323242188e+01
-1.564873600006103516e+01
2.951481819152832031e+01
2.596105766296386719e+01
2.513850784301757812e+01
2.173307228088378906e+01
6.597921371459960938e+00
3.126493453979492188e+00
-2.495569992065429688e+01
5.523439407348632812e+00
2.103183364868164062e+01
-2.759710311889648438e+01
2.827946662902832031e+00
-1.775360679626464844e+01
2.877658271789550781e+01
-7.046594142913818359e+00
1.291900634765625000e+01
-1.640252304077148438e+01
-2.049764442443847656e+01
6.962783336639404297e+00
2.911887168884277344e+00
-2.420740509033203125e+01
1.476377773284912109e+01
8.905817031860351562e+00
1.788701820373535156e+01
-2.185328674316406250e+01
9.494262695312500000e+00
-8.916561007499694824e-01
2.922141647338867188e+01
7.725477218627929688e+00
1.546860790252685547e+01
-1.827352905273437500e+01
-2.125953912734985352e+00
1.841327476501464844e+01
4.265578269958496094e+00
-2.683310031890869141e+00
5.479059696197509766e+00
6.007488727569580078e+00
1.735225296020507812e+01
-1.803377723693847656e+01
-7.432981014251708984e+00
-1.999107551574707031e+01
-1.158316898345947266e+01
2.550608253479003906e+01
-8.193410873413085938e+00
2.432778120040893555e+00
3.081271362304687500e+01
-1.385445237159729004e+00
-2.102429199218750000e+01
9.953414916992187500e+00
2.170701408386230469e+01
2.342334175109863281e+01
-1.123344326019287109e+01
-4.469702243804931641e+00
1.413448905944824219e+01
2.572563171386718750e+01
9.717688560485839844e+00
2.126532173156738281e+01
3.099546623229980469e+01
1.948116874694824219e+01
6.817964553833007812e+00
-1.119346904754638672e+01
-1.630574607849121094e+01
-1.615066146850585938e+01
8.226498603820800781e+00
6.263837814331054688e+00
-1.477303385734558105e+00
-5.738728046417236328e+00
-6.735660076141357422e+00
5.384694576263427734e+00
-1.813853645324707031e+01
1.724035835266113281e+01
1.725926208496093750e+01
-1.533323478698730469e+01
-4.078718662261962891e+00
2.100939989089965820e+00
2.072193908691406250e+01
-7.595579147338867188e+00
-3.827286529541015625e+01
1.110636615753173828e+01
9.561264038085937500e+00
4.549573957920074463e-01
-1.444779109954833984e+01
-1.929225540161132812e+01
-1.906934165954589844e+01
-4.630612432956695557e-01
-9.764647483825683594e+00
2.913764953613281250e+01
1.473458766937255859e+01
-4.389558792114257812e+00
1.015796756744384766e+01
1.972928619384765625e+01
3.572740077972412109e+00
-7.410473823547363281e+00
1.553206253051757812e+01
-1.157702088356018066e+00
3.792433547973632812e+01
1.069725227355957031e+01
8.226605653762817383e-01
-1.257137393951416016e+01
3.253085708618164062e+01
-2.262672233581542969e+01
-2.153778266906738281e+01
-2.177377462387084961e+00
5.037548065185546875e+00
1.031583786010742188e+01
3.781822681427001953e+00
4.803773880004882812e+00
-2.359541130065917969e+01
2.100070953369140625e+01
1.480522346496582031e+01
6.591251850128173828e+00
-3.772976636886596680e+00
-9.125709533691406250e+00
-1.859191703796386719e+01
7.354446887969970703e+00
4.129639625549316406e+00
-2.021594047546386719e+01
-1.814387702941894531e+01
-1.214724826812744141e+01
-2.583350181579589844e+00
-1.958620643615722656e+01
-6.832159042358398438e+00
-2.141960859298706055e+00
-5.042955398559570312e+00
1.624413871765136719e+01
8.338436126708984375e+00
-8.465918540954589844e+00
2.433985710144042969e+00
2.492511177062988281e+01
-1.236170959472656250e+01
-1.747512817382812500e+00
-6.080009937286376953e+00
-2.948135948181152344e+01
-1.346930599212646484e+01
1.190240097045898438e+01
-3.280725860595703125e+01
-7.037341594696044922e+00
-1.148319530487060547e+01
1.518662548065185547e+01
6.813240528106689453e+00
-1.812183189392089844e+01
-1.783163261413574219e+01
-3.248152923583984375e+01
6.783393383026123047e+00
1.940374183654785156e+01
-1.739255142211914062e+01
1.129048061370849609e+01
-7.298334598541259766e+00
1.483923435211181641e+01
-8.397896766662597656e+00
2.217795944213867188e+01
1.436040997505187988e+00
-7.313248157501220703e+00
3.792617797851562500e+01
-5.735116958618164062e+00
-2.608708190917968750e+01
1.326630020141601562e+01
-2.084326505661010742e+00
1.391063117980957031e+01
7.246158599853515625e+00
1.007997798919677734e+01
-1.048837757110595703e+01
1.028145122528076172e+01
-6.817648410797119141e+00
-2.948322892189025879e-01
2.211792564392089844e+01
1.147919559478759766e+01
-1.493341445922851562e+01
3.370978546142578125e+01
2.902995491027832031e+01
2.655772209167480469e+01
8.578804016113281250e+00
7.969799995422363281e+00
2.554956245422363281e+01
9.251438140869140625e+00
5.529550552368164062e+00
2.142726707458496094e+01
2.284580039978027344e+01
-3.731037855148315430e+00
2.685623550415039062e+01
-2.801331996917724609e+00
-1.263736724853515625e+01
-1.552003479003906250e+01
-1.917307090759277344e+01
2.306326103210449219e+01
-8.147124290466308594e+00
-1.549359416961669922e+01
1.603929328918457031e+01
-6.825280666351318359e+00
-1.777175140380859375e+01
-1.647756934165954590e+00
1.268610477447509766e+01
8.256713867187500000e+00
-1.131339931488037109e+01
2.380884742736816406e+01
-8.595449447631835938e+00
-6.682103157043457031e+00
6.212886571884155273e-01
-1.043884372711181641e+01
2.707949638366699219e+01
-2.309283065795898438e+01
-2.938333749771118164e+00
-2.220359295606613159e-01
-1.303859519958496094e+01
2.148215293884277344e+01
-1.506685638427734375e+01
1.805119323730468750e+01
-1.500480413436889648e+00
1.220274829864501953e+01
1.486069393157958984e+01
1.865987014770507812e+01
2.070929527282714844e+00
2.495244979858398438e+01
-1.637206268310546875e+01
2.028799629211425781e+01
-1.312208461761474609e+01
-1.260657024383544922e+01
-1.664363861083984375e+01
