-4.554183006286621094e+00
5.953111648559570312e+00
-1.243699073791503906e+00
1.621300697326660156e+01
4.876240730285644531e+00
1.718048334121704102e+00
-1.752906441688537598e+00
-2.091856002807617188e+01
-2.712424516677856445e+00
-5.948079824447631836e-01
1.487266635894775391e+01
-2.345273047685623169e-01
7.473411560058593750e-01
-1.261258363723754883e+00
1.014934539794921875e+00
-1.661242866516113281e+01
-1.521673917770385742e+00
5.267297625541687012e-01
-1.804474234580993652e+00
2.660119295120239258e+00
7.688747882843017578e+00
-4.499087333679199219e+00
-2.182453870773315430e+00
3.897897005081176758e-01
2.236099243164062500e+00
4.288010597229003906e+00
-2.543227434158325195e+00
1.897259712219238281e+00
-4.893906116485595703e-01
-1.326658487319946289e+00
-2.327706664800643921e-01
1.419728636741638184e+00
2.214841246604919434e-01
-3.749792337417602539e+00
1.309575438499450684e-01
1.120296669006347656e+01
-1.602686047554016113e+00
1.708326911926269531e+01
2.314760017395019531e+01
-1.984621137380599976e-01
-1.944790959358215332e+00
2.319225072860717773e+00
-8.407952636480331421e-02
1.003173470497131348e+00
1.184588074684143066e+00
1.026911616325378418e+00
-5.343053936958312988e-01
-1.491032886505126953e+01
1.016931772232055664e+00
-9.729357719421386719e+00
2.365798473358154297e+00
1.140894293785095215e+00
-3.054680824279785156e-01
-2.945428788661956787e-01
7.290235996246337891e+00
5.598815083503723145e-01
2.697826027870178223e-01
2.836139500141143799e-01
-2.960978150367736816e-01
1.091067790985107422e+01
-1.832909137010574341e-01
2.635652720928192139e-01
8.744153380393981934e-01
3.208208084106445312e+00
-1.856772994995117188e+01
1.226842552423477173e-01
-2.425695024430751801e-02
1.121627235412597656e+01
1.173924446105957031e+00
6.694716811180114746e-01
-2.819236755371093750e+00
1.688136160373687744e-01
6.842246055603027344e-01
-5.687212944030761719e-01
-3.480626642704010010e-01
-1.848264783620834351e-01
5.065710067749023438e+00
-9.053732752799987793e-01
-4.884559810161590576e-01
7.051243185997009277e-01
2.232874488830566406e+01
1.053084015846252441e+00
-1.594968140125274658e-02
5.468740940093994141e+00
-6.459175348281860352e-01
9.033032655715942383e-01
-4.548085629940032959e-01
1.015502452850341797e+00
6.701470375061035156e+00
3.738784193992614746e-01
3.705421447753906250e+00
2.515342235565185547e+00
-4.502268791198730469e+00
-2.219711303710937500e+00
5.466951131820678711e-01
7.519291400909423828e+00
1.211435198783874512e+00
3.268123865127563477e+00
-6.547874927520751953e+00
9.321178436279296875e+00
4.481218457221984863e-01
-5.210165381431579590e-01
-5.654262900352478027e-01
-1.194216370582580566e+00
-1.472365140914916992e+00
3.761012852191925049e-02
-3.336022853851318359e+00
2.156276464462280273e+00
7.615927606821060181e-02
2.693239450454711914e+00
-8.161355853080749512e-01
-1.025308966636657715e+00
3.274490356445312500e+00
5.859197974205017090e-01
-1.138063907623291016e+00
1.684800338745117188e+01
-8.413109183311462402e-01
3.002246856689453125e+00
1.359016418457031250e+00
3.141290694475173950e-02
2.930160045623779297e+00
4.575710296630859375e+00
-3.128117561340332031e+00
-2.132272005081176758e+00
7.152413368225097656e+00
1.255320310592651367e+00
7.865899801254272461e-02
-6.485834121704101562e-01
-1.619796371459960938e+01
-2.632305622100830078e+00
6.621658802032470703e-01
7.956793785095214844e+00
2.570822238922119141e+00
2.844532430171966553e-01
-1.676347851753234863e-01
-2.025575256347656250e+01
-1.265207052230834961e+00
-2.660737633705139160e-01
1.924718737602233887e+00
2.368081092834472656e+00
-8.377879261970520020e-01
-9.923341870307922363e-01
1.183713793754577637e+00
-9.235847473144531250e+00
-1.169662237167358398e+00
-8.062557578086853027e-01
1.429796028137207031e+01
-1.148069739341735840e+00
-1.219516944885253906e+01
2.522597551345825195e+00
-7.762558460235595703e-01
2.781304359436035156e+00
-4.516826570034027100e-01
-3.484657287597656250e+00
-2.363010942935943604e-01
2.975223064422607422e+00
1.475333929061889648e+00
1.051056027412414551e+00
7.467460036277770996e-01
-5.913515016436576843e-02
-9.458103179931640625e-01
-3.373506784439086914e+00
7.420477271080017090e-02
5.369668081402778625e-02
-7.470043748617172241e-02
2.810916900634765625e-01
1.849755525588989258e+00
-6.787348985671997070e-01
1.257668018341064453e+01
-3.416424512863159180e+00
-3.443307638168334961e+00
-1.439169883728027344e+00
3.145012855529785156e+00
-1.184390425682067871e+00
-1.388197898864746094e+00
-1.117268562316894531e+00
2.230008095502853394e-01
2.867422699928283691e-01
-2.025569534301757812e+01
1.683517456054687500e+00
1.295463442802429199e-01
4.672152101993560791e-01
-2.924987114965915680e-02
5.905386805534362793e-01
7.202934741973876953e+00
-2.490736484527587891e+00
-1.315579771995544434e+00
2.463557273149490356e-01
-1.067427277565002441e+00
1.201479062438011169e-01
1.229786634445190430e+00
-1.442884349822998047e+01
2.018451213836669922e+00
4.481349468231201172e+00
-1.946898460388183594e+00
4.577828943729400635e-01
-1.091412162780761719e+01
1.297339320182800293e+00
1.996504187583923340e+00
1.932482123374938965e-01
1.922334671020507812e+00
2.323697090148925781e+00
1.299935936927795410e+00
1.045812014490365982e-02
4.473854899406433105e-01
2.061321449279785156e+01
-5.888146400451660156e+00
-2.182117938995361328e+00
7.405550479888916016e-01
5.472702980041503906e-01
1.617452740669250488e+00
-1.190303134918212891e+01
6.839420795440673828e-01
3.788340091705322266e-01
1.916760802268981934e+00
1.521554112434387207e+00
8.624711632728576660e-01
6.521828174591064453e+00
-1.514923381805419922e+01
-2.874666750431060791e-01
1.235585808753967285e+00
-7.806149721145629883e-01
1.422900199890136719e+01
-1.140886545181274414e-01
1.510645151138305664e-01
5.585184320807456970e-02
2.788492202758789062e+00
-3.823925554752349854e-01
1.813078999519348145e+00
-2.874467849731445312e+00
-1.150034713745117188e+01
-1.894349694252014160e+00
-4.880997538566589355e-02
-1.307471632957458496e+00
2.329161643981933594e+00
4.979015588760375977e-01
1.359495830535888672e+01
2.063212156295776367e+00
7.656654119491577148e-01
-9.420152902603149414e-01
8.481840789318084717e-02
1.323765873908996582e+00
-1.948320198059082031e+01
-2.039610624313354492e+00
3.940065205097198486e-01
-3.196322441101074219e+00
-2.036365985870361328e+00
-5.940191149711608887e-01
8.714617490768432617e-01
-1.438150763511657715e+00
5.072792768478393555e-01
3.971481084823608398e+00
-5.436367034912109375e+00
1.349193096160888672e+01
-3.301026344299316406e+00
2.444973230361938477e+00
