-5.621374130249023438e+00
2.769548606872558594e+01
4.548308372497558594e+00
-4.834862232208251953e+00
3.871145009994506836e+00
-1.970813751220703125e+01
2.805711174011230469e+01
-1.030240535736083984e+01
-1.810824203491210938e+01
1.015217423439025879e+00
-2.061645746231079102e+00
1.025395870208740234e+00
3.144588851928710938e+01
-5.506808757781982422e+00
-5.578059673309326172e+00
2.467432737350463867e+00
1.357967948913574219e+01
-1.280516237020492554e-01
-8.274313926696777344e+00
5.348658561706542969e+00
1.699148654937744141e+00
-1.249738788604736328e+01
2.850939369201660156e+01
1.795359802246093750e+01
-3.912041664123535156e+00
-2.070937728881835938e+01
-6.714773178100585938e+00
3.405798912048339844e+00
1.558393859863281250e+01
3.063012361526489258e+00
2.750733947753906250e+01
-4.874657154083251953e+00
-3.259801149368286133e+00
6.070734977722167969e+00
-3.463165283203125000e+00
7.060153007507324219e+00
8.471922874450683594e-01
-5.295629024505615234e+00
6.610033035278320312e+00
-5.615327358245849609e+00
-8.035114288330078125e+00
4.528735637664794922e+00
-1.540091753005981445e+00
-1.889689922332763672e+00
1.996357226744294167e-03
6.672855854034423828e+00
-2.748100519180297852e+00
8.427516937255859375e+00
-1.806819438934326172e+00
-1.607293963432312012e+00
-6.613301277160644531e+00
8.301671028137207031e+00
4.726945400238037109e+00
-3.212969064712524414e+00
-2.070769786834716797e+00
4.172163963317871094e+00
-4.391086101531982422e+00
-2.542674779891967773e+00
4.543292045593261719e+00
-6.836457729339599609e+00
1.525965595245361328e+01
3.922945857048034668e-01
-7.070972919464111328e+00
1.006310653686523438e+01
1.250636100769042969e+01
4.323743820190429688e+00
-3.500268459320068359e+00
2.524614334106445312e+00
-4.741115093231201172e+00
-2.295515060424804688e+00
6.655577421188354492e-01
6.795714855194091797e+00
6.500776112079620361e-02
6.656955242156982422e+00
1.475892424583435059e+00
1.236899375915527344e+01
2.073142677545547485e-01
-2.521919727325439453e+00
5.480888843536376953e+00
2.790681362152099609e+00
8.978110313415527344e+00
-4.001110076904296875e+00
6.275044679641723633e-01
-1.953117996454238892e-01
1.118236732482910156e+01
1.015749168395996094e+01
-3.972474575042724609e+00
2.083199501037597656e+00
-1.674816250801086426e+00
2.815794944763183594e-01
-2.910229444503784180e+00
6.492636203765869141e+00
-4.671491622924804688e+00
5.446692466735839844e+00
-2.819658279418945312e+00
3.715712738037109375e+01
3.812880039215087891e+00
-3.320295095443725586e+00
-3.554400444030761719e+00
-1.769518017768859863e+00
-5.111743450164794922e+00
-9.039923548698425293e-01
-6.244274973869323730e-01
-6.950220584869384766e+00
-3.934050798416137695e+00
-5.869327545166015625e+00
7.348604679107666016e+00
-5.896701335906982422e+00
4.030560016632080078e+00
-4.215638637542724609e+00
1.465007019042968750e+01
2.989546775817871094e+00
8.525132179260253906e+00
5.605954647064208984e+00
1.298894405364990234e+01
5.070074558258056641e+00
-1.010283660888671875e+01
-4.868208408355712891e+00
-1.353196716308593750e+01
-1.778624504804611206e-01
-1.400879919528961182e-01
-5.946857929229736328e+00
-2.713588237762451172e+00
-7.381407260894775391e+00
4.751021862030029297e+00
-3.121765613555908203e+00
1.475991344451904297e+01
2.192211627960205078e+00
7.436770439147949219e+00
4.144698143005371094e+00
3.355031728744506836e+00
9.889530181884765625e+00
-3.011326551437377930e+00
3.489920854568481445e+00
8.852950096130371094e+00
6.586860656738281250e+00
-2.734567642211914062e+01
8.043858528137207031e+00
2.311854553222656250e+01
-3.515852212905883789e+00
-2.637763786315917969e+01
2.747889041900634766e+00
1.254064679145812988e+00
5.697325706481933594e+00
7.301180839538574219e+00
5.997623920440673828e+00
6.433113574981689453e+00
-2.399443149566650391e+00
-1.589518070220947266e+01
2.496250867843627930e+00
-2.768296957015991211e+00
-8.554091453552246094e+00
-4.103512287139892578e+00
-3.568355321884155273e+00
-1.318671703338623047e+00
-2.862566709518432617e+00
-1.483593463897705078e+00
1.051907634735107422e+01
8.454267501831054688e+00
-1.023179626464843750e+01
-1.019740104675292969e+00
9.774061203002929688e+00
2.960331916809082031e+00
1.843433022499084473e+00
-2.141220331192016602e+00
8.006902694702148438e+00
-4.493191242218017578e+00
-5.690523624420166016e+00
-5.730946540832519531e+00
2.269852161407470703e+00
8.075615882873535156e+00
7.218607425689697266e+00
3.610444307327270508e+00
-9.332177162170410156e+00
-2.141776275634765625e+01
4.542913436889648438e+00
3.045238554477691650e-01
5.726659893989562988e-01
-2.065964889526367188e+01
3.504918336868286133e+00
1.955997467041015625e+01
-1.075747203826904297e+01
-5.773615837097167969e-01
6.710243225097656250e+00
-2.637075662612915039e+00
-3.386538028717041016e+00
1.159176826477050781e+00
-7.317213535308837891e+00
-3.351338386535644531e+00
1.155223560333251953e+01
-2.881483078002929688e+00
-2.281714916229248047e+00
4.859520912170410156e+00
1.449566650390625000e+01
-9.947357177734375000e-01
6.632867813110351562e+00
1.807304382324218750e+01
-6.434840202331542969e+00
-1.691548943519592285e+00
-8.278510093688964844e+00
-9.397010207176208496e-01
6.797118186950683594e-01
2.530202627182006836e+00
-5.035040378570556641e+00
1.009872341156005859e+01
-3.425390720367431641e+00
-1.016674399375915527e+00
6.197009086608886719e+00
-2.050791549682617188e+01
-2.238317012786865234e+00
-1.650974273681640625e+00
4.416542053222656250e+00
1.233898639678955078e+00
1.846713870763778687e-01
-2.715636634826660156e+01
5.081094741821289062e+00
5.048818111419677734e+00
-5.173000097274780273e-01
-7.945562839508056641e+00
-4.387223243713378906e+00
-4.699705839157104492e-01
-3.054641783237457275e-01
9.246678352355957031e+00
-1.755387496948242188e+01
1.455965900421142578e+01
-7.201084613800048828e+00
-4.563920497894287109e+00
4.801924705505371094e+00
-4.054070949554443359e+00
5.124786376953125000e+00
-5.057787895202636719e+00
-2.213956117630004883e-01
-6.231617450714111328e+00
7.546777248382568359e+00
1.814871788024902344e+00
-1.468891352415084839e-01
-1.202960848808288574e+00
1.842173957824707031e+01
-3.280160665512084961e+00
1.173400974273681641e+01
4.309508323669433594e+00
-1.639626979827880859e+00
-2.158033561706542969e+01
-5.839570164680480957e-01
1.356105899810791016e+01
3.249985456466674805e+00
1.791670918464660645e+00
5.741661071777343750e+00
-1.261091709136962891e+01
2.741597414016723633e+00
-1.208773040771484375e+01
6.481375694274902344e+00
7.182275772094726562e+00
-1.898399591445922852e+00
2.543066740036010742e+00
-1.477934479713439941e+00
