6.233646869659423828e-01
-2.313898277282714844e+01
-4.918228149414062500e+00
6.220628738403320312e+00
5.974946498870849609e+00
-2.082568550109863281e+01
1.515273475646972656e+01
-5.109940052032470703e+00
-5.053789138793945312e+00
-1.293845295906066895e+00
-7.550940513610839844e+00
1.320352649688720703e+01
-5.793975830078125000e+00
7.350447654724121094e+00
-3.272495508193969727e+00
1.469222164154052734e+01
4.253395557403564453e+00
3.965031206607818604e-01
-1.923596620559692383e+00
6.336096763610839844e+00
7.951079845428466797e+00
1.129612255096435547e+01
-2.936167716979980469e+00
1.704608798027038574e+00
9.829252243041992188e+00
7.043339252471923828e+00
-2.227953910827636719e+00
1.771256446838378906e+01
1.037852096557617188e+01
2.900153160095214844e+00
-5.592367649078369141e+00
-6.826619625091552734e+00
6.313194036483764648e-01
2.619316279888153076e-01
4.162347793579101562e+00
1.196418952941894531e+01
5.313022732734680176e-01
-3.490648269653320312e+00
2.874603748321533203e+00
1.097363948822021484e+00
-1.735437583923339844e+01
1.353882789611816406e+01
-1.231352138519287109e+01
2.021651077270507812e+01
1.956611871719360352e+00
-2.358105850219726562e+01
9.042059898376464844e+00
1.350634193420410156e+01
-3.509223699569702148e+00
3.432047128677368164e+00
-1.106842613220214844e+01
-3.608048200607299805e+00
-1.199949169158935547e+01
8.434759140014648438e+00
-9.512428283691406250e+00
-2.784023094177246094e+01
-5.232809782028198242e-01
-2.439143419265747070e+00
-3.836195707321166992e+00
8.356577157974243164e-02
-4.237154960632324219e+00
4.826714992523193359e+00
-1.829974937438964844e+01
1.295179080963134766e+01
-1.260090732574462891e+01
-1.112542343139648438e+01
5.758761987090110779e-02
6.238337159156799316e-01
-6.680105924606323242e-01
1.720516395568847656e+01
-7.667358398437500000e+00
-1.445359945297241211e+00
1.608397293090820312e+01
-5.059622764587402344e+00
-3.526406764984130859e+00
4.795516490936279297e+00
-3.901425838470458984e+00
6.344580650329589844e+00
-8.135798454284667969e+00
1.493838977813720703e+01
-5.752775669097900391e+00
1.842477607727050781e+01
-1.913875579833984375e+01
3.965795516967773438e+00
-4.968502521514892578e+00
1.009307861328125000e+00
-1.317914104461669922e+01
4.061217784881591797e+00
-1.012989401817321777e+00
9.220553398132324219e+00
1.756320762634277344e+01
-2.819381952285766602e+00
-4.975571334362030029e-01
-5.220696926116943359e+00
-1.050393486022949219e+01
1.276613354682922363e+00
1.213838100433349609e+01
7.133153080940246582e-01
-1.637604236602783203e+00
1.308184528350830078e+01
5.162894725799560547e+00
4.534245967864990234e+00
6.233339786529541016e+00
-1.643894958496093750e+01
-3.438457012176513672e+00
1.424902057647705078e+01
1.558107471466064453e+01
3.961505889892578125e+00
7.380039215087890625e+00
-7.420781612396240234e+00
1.207658290863037109e+00
4.316344559192657471e-01
-8.654686808586120605e-01
3.658571004867553711e+00
-4.229424953460693359e+00
-6.062337398529052734e+00
2.249308526515960693e-01
1.034993457794189453e+01
-5.297296047210693359e+00
-4.642649173736572266e+00
-4.163620948791503906e+00
4.676734447479248047e+00
-1.532595825195312500e+01
1.059468746185302734e+01
1.540955901145935059e+00
1.236265182495117188e+01
-3.571074008941650391e+00
-1.529334449768066406e+01
-6.119658470153808594e+00
-7.951894402503967285e-01
7.587261199951171875e+00
-4.354147911071777344e+00
1.017981433868408203e+01
-2.339718103408813477e+00
7.977344989776611328e+00
1.410058379173278809e+00
-1.232972240447998047e+01
6.189917087554931641e+00
-1.090462970733642578e+01
1.422422885894775391e+01
1.380598545074462891e+00
-2.481621265411376953e+00
-1.260425853729248047e+01
-1.576568603515625000e+01
-1.306176471710205078e+01
8.703111648559570312e+00
-1.609127807617187500e+01
1.327867889404296875e+01
-8.707541465759277344e+00
-1.854871749877929688e+01
9.114603042602539062e+00
1.480196833610534668e+00
-1.016576170921325684e+00
-5.275105237960815430e-01
-1.743097782135009766e+00
-6.232376575469970703e+00
1.173865127563476562e+01
2.024302291870117188e+01
8.392548561096191406e+00
-7.246697902679443359e+00
4.780360221862792969e+00
-2.928841018676757812e+01
8.732532858848571777e-01
-8.469956517219543457e-01
-5.447132587432861328e+00
2.432097244262695312e+01
-6.995543003082275391e+00
6.914245128631591797e+00
-2.566746473312377930e+00
-1.170377063751220703e+01
-2.151720809936523438e+01
-1.948659420013427734e+00
-2.595161914825439453e+00
1.560669326782226562e+01
2.283389663696289062e+01
-1.311365318298339844e+01
-3.688581705093383789e+00
-3.198302507400512695e+00
-1.438152694702148438e+01
-8.288864135742187500e+00
-5.663406252861022949e-01
6.985546112060546875e+00
1.413705062866210938e+01
3.295772790908813477e+00
1.310628128051757812e+01
-3.797282576560974121e-01
1.799672889709472656e+01
1.377961635589599609e+01
1.942719101905822754e+00
3.262372314929962158e-01
-1.912584304809570312e+01
-5.366686820983886719e+00
2.997009754180908203e+00
-1.072888135910034180e+00
-1.341623210906982422e+01
-1.442014932632446289e+00
1.916648268699645996e+00
-1.728562116622924805e+00
-1.214523887634277344e+01
-7.388154983520507812e+00
-4.075536727905273438e+00
-1.165799331665039062e+01
-1.894965744018554688e+01
-1.457548999786376953e+01
-3.910527944564819336e+00
5.314313411712646484e+00
2.974589586257934570e+00
-1.436639118194580078e+01
1.073509788513183594e+01
1.427757072448730469e+01
8.843893051147460938e+00
1.313576030731201172e+01
-9.153377532958984375e+00
6.637439727783203125e+00
8.828202247619628906e+00
1.550785350799560547e+01
2.581131219863891602e+00
-1.977569162845611572e-01
1.069015789031982422e+01
9.698303222656250000e+00
-4.319213390350341797e+00
6.998987674713134766e+00
-9.343742370605468750e+00
-8.840746879577636719e+00
-1.338417434692382812e+01
9.984190940856933594e+00
-6.708992481231689453e+00
-1.992121315002441406e+01
5.753676891326904297e+00
2.998335361480712891e+00
-9.655071258544921875e+00
-6.998385906219482422e+00
3.793432950973510742e+00
-8.647163391113281250e+00
-4.631740748882293701e-01
8.198228836059570312e+00
-2.264185428619384766e+00
-1.500711059570312500e+01
8.654714584350585938e+00
-2.065676927566528320e+00
-1.149555873870849609e+01
-1.155376815795898438e+01
-2.171415328979492188e+00
-1.222623825073242188e+01
-1.257705974578857422e+01
7.485894203186035156e+00
9.355592727661132812e+00
2.140645503997802734e+00
4.504765987396240234e+00
-2.692915201187133789e+00
5.951578140258789062e+00
3.187826633453369141e+00
5.086783409118652344e+00
-1.177366733551025391e+01
4.562278389930725098e-01
2.781257867813110352e+00
