-1.850176572799682617e+00
1.659027218818664551e+00
1.172410488128662109e+01
-6.583897590637207031e+00
-6.603980064392089844e+00
-2.905893564224243164e+00
3.865687549114227295e-01
-1.365826797485351562e+01
-1.917496800422668457e+00
3.688161671161651611e-01
-7.470910072326660156e+00
1.649604439735412598e+00
3.639636635780334473e-01
3.723820745944976807e-01
8.051770925521850586e-01
-3.121219873428344727e+00
-9.211143493652343750e+00
2.397321462631225586e+00
-2.073106765747070312e+00
-8.321402668952941895e-01
5.618154525756835938e+00
1.442280054092407227e+00
-3.471928358078002930e+00
1.127897143363952637e+00
-4.189425945281982422e+00
1.021096038818359375e+01
-1.123338413238525391e+01
2.229179859161376953e+00
-5.664898395538330078e+00
7.677718162536621094e+00
3.969266414642333984e+00
-3.064021468162536621e-01
-1.345452904701232910e+00
5.866523742675781250e+00
-1.915539741516113281e+00
-1.422716331481933594e+01
6.811417579650878906e+00
5.452954292297363281e+00
1.616227865219116211e+00
9.695643424987792969e+00
5.726072311401367188e+00
-1.714201450347900391e+00
-6.140556335449218750e+00
1.242295742034912109e+00
-1.054532814025878906e+01
-4.317691802978515625e+00
8.301621437072753906e+00
5.207600444555282593e-02
1.596493601799011230e+00
-2.849794387817382812e+00
-2.193413543701171875e+01
-1.030868721008300781e+01
-3.554273843765258789e+00
1.998505592346191406e+00
7.322201728820800781e+00
-1.154348373413085938e+00
9.695746898651123047e-01
8.198897242546081543e-01
-1.522213578224182129e+00
-6.469462513923645020e-01
-1.388536357879638672e+01
-4.924960613250732422e+00
5.897192955017089844e-01
5.373498439788818359e+00
-9.446092605590820312e+00
-2.564115762710571289e+00
7.222623825073242188e-01
-4.205348491668701172e+00
5.435609221458435059e-01
-2.644499540328979492e+00
-1.369018840789794922e+01
3.767423629760742188e+00
1.823799252510070801e+00
-4.951810359954833984e+00
-4.737602710723876953e+00
1.065008640289306641e+00
5.938624382019042969e+00
-5.184055566787719727e-01
4.258782386779785156e+00
2.500386714935302734e+00
-2.373707771301269531e+00
-7.850783824920654297e+00
-1.962532877922058105e+00
3.747196197509765625e+00
2.955512523651123047e+00
-4.422182559967041016e+00
9.629543423652648926e-01
4.518569946289062500e+00
-1.043069958686828613e+00
-2.819688558578491211e+00
7.592034816741943359e+00
3.615865945816040039e+00
4.300518512725830078e+00
-5.750793457031250000e+00
-1.233922600746154785e+00
9.808835029602050781e+00
-6.937952995300292969e+00
-7.438424110412597656e+00
-3.309927225112915039e+00
1.828156471252441406e+00
7.579496502876281738e-02
1.135293483734130859e+00
7.524843215942382812e+00
-6.648076534271240234e+00
4.756360128521919250e-02
3.490942716598510742e+00
8.783661842346191406e+00
-1.300840759277343750e+01
1.845492720603942871e+00
-2.044965267181396484e+00
4.741230964660644531e+00
-1.064990139007568359e+01
4.731042981147766113e-01
-3.566468060016632080e-01
1.849324941635131836e+00
1.077425765991210938e+01
-1.217547297477722168e+00
4.601729393005371094e+00
4.577127456665039062e+00
7.784116268157958984e+00
5.877781391143798828e+00
-5.068745136260986328e+00
-2.620042324066162109e+00
-2.682060003280639648e+00
8.890412330627441406e+00
2.935668706893920898e+00
-1.079614758491516113e+00
8.923892974853515625e+00
1.076171994209289551e+00
3.467787742614746094e+00
7.336158752441406250e+00
8.821989059448242188e+00
6.011903762817382812e+00
-3.810382127761840820e+00
-5.212458133697509766e+00
-1.741323947906494141e+00
6.700917243957519531e+00
1.351304435729980469e+01
-1.374140024185180664e+00
2.720239400863647461e+00
8.477999687194824219e+00
-1.253472089767456055e+00
-6.494241237640380859e+00
5.563051223754882812e+00
-1.040907382965087891e+00
5.693138599395751953e+00
1.479857563972473145e+00
-5.783815979957580566e-01
2.889095544815063477e+00
-7.855274677276611328e+00
7.784988880157470703e+00
-8.978996276855468750e+00
8.550598025321960449e-01
8.069939613342285156e+00
-3.206396579742431641e+00
-2.853353023529052734e+00
-8.272320747375488281e+00
-1.157338809967041016e+01
-1.036591911315917969e+01
4.912392616271972656e+00
4.628821089863777161e-02
3.737765789031982422e+00
4.502342700958251953e+00
-3.721154689788818359e+00
-4.118560314178466797e+00
3.665879070758819580e-01
-3.098671913146972656e+00
-1.084508061408996582e+00
-1.826732158660888672e+00
-8.559361696243286133e-01
6.289167404174804688e+00
1.124250507354736328e+01
-1.703273773193359375e+00
8.376574516296386719e+00
4.416181087493896484e+00
-7.079414844512939453e+00
-4.833725690841674805e-01
2.416381120681762695e+00
-6.368045330047607422e+00
9.167877197265625000e+00
-9.679458618164062500e+00
3.634219408035278320e+00
-5.357554435729980469e+00
1.066159367561340332e+00
2.020462274551391602e+00
-1.562895202636718750e+01
-5.594334602355957031e+00
-1.855085730552673340e+00
5.521529197692871094e+00
-2.503107547760009766e+00
4.048208236694335938e+00
7.164773464202880859e+00
-4.209899425506591797e+00
-6.585358619689941406e+00
1.153634834289550781e+01
7.229468822479248047e+00
4.006224155426025391e+00
9.916199684143066406e+00
8.676469802856445312e+00
1.379442977905273438e+01
8.484242439270019531e+00
7.064774036407470703e-01
-7.684474587440490723e-01
-3.133265256881713867e+00
9.094986915588378906e+00
-8.677966117858886719e+00
-6.120463848114013672e+00
-1.887767314910888672e+00
-1.489864826202392578e+00
1.084399795532226562e+01
1.052501773834228516e+01
-1.085043191909790039e+00
5.383545875549316406e+00
5.462543487548828125e+00
1.167253684997558594e+01
1.132280540466308594e+01
-1.916899323463439941e+00
2.961066067218780518e-01
1.383865737915039062e+01
3.124013662338256836e+00
7.710916042327880859e+00
-4.438234806060791016e+00
-2.786599636077880859e+00
8.280174732208251953e-01
1.853363037109375000e+00
-6.024462699890136719e+00
-1.499419569969177246e+00
2.719413936138153076e-01
-5.974754810333251953e+00
1.159231901168823242e+00
-2.103084802627563477e+00
7.434797286987304688e+00
-1.515912771224975586e+00
6.272662639617919922e+00
1.010905429720878601e-01
3.511195480823516846e-01
-6.543932437896728516e+00
-1.199771022796630859e+01
-4.887007236480712891e+00
2.798721194267272949e-01
-8.980647087097167969e+00
-2.064689636230468750e+00
9.623624801635742188e+00
-1.308385491371154785e+00
6.103015899658203125e+00
-1.000342488288879395e+00
-2.996746301651000977e+00
-2.171871185302734375e+00
-1.299391269683837891e+00
-4.951831340789794922e+00
-3.120185613632202148e+00
3.338142395019531250e+00
-1.935249447822570801e+00
-4.114304065704345703e+00
3.674030601978302002e-01
1.183551120758056641e+01
