1.488231867551803589e-02
4.002830758690834045e-02
9.300276637077331543e-02
1.602861285209655762e-01
6.395209580659866333e-02
-1.668788343667984009e-01
4.386757500469684601e-03
-1.372223496437072754e-01
3.245646059513092041e-01
-6.285459399223327637e-01
2.114106342196464539e-02
6.326390504837036133e-01
1.680699363350868225e-02
4.664835333824157715e-01
-3.768000379204750061e-02
5.653565376996994019e-02
3.352261483669281006e-01
3.478687256574630737e-02
2.640324831008911133e-01
1.060756072402000427e-01
3.675790503621101379e-02
3.200079202651977539e-01
-2.685492038726806641e-01
2.037985622882843018e-02
-1.385550498962402344e-01
4.683947656303644180e-03
6.858471781015396118e-02
1.822124719619750977e-01
-9.268498420715332031e-02
1.327973324805498123e-02
7.887684553861618042e-02
-1.255436688661575317e-01
6.291042566299438477e-01
1.661171317100524902e-01
-1.080464497208595276e-01
3.646571338176727295e-01
6.420064568519592285e-01
-1.093231439590454102e-01
-8.564875721931457520e-01
-8.024111390113830566e-02
-3.222105801105499268e-01
-7.469955831766128540e-02
1.269574165344238281e-01
1.990135461091995239e-01
6.628934293985366821e-02
1.674497723579406738e-01
-1.656333655118942261e-01
1.197398733347654343e-02
1.406516283750534058e-01
5.651051178574562073e-03
4.915953576564788818e-01
-2.028832435607910156e-01
2.713523805141448975e-01
-5.259003862738609314e-02
-5.240577459335327148e-01
4.968296736478805542e-02
2.914941608905792236e-01
-3.262322247028350830e-01
1.178174242377281189e-01
8.034636825323104858e-02
-6.368913222104310989e-03
-6.386369466781616211e-01
-6.960494071245193481e-02
2.069085650146007538e-02
