2.564934015274047852e+00
9.487343788146972656e+00
1.396372437477111816e+00
2.443438720703125000e+01
-6.206243038177490234e+00
-1.645627856254577637e+00
-5.636899471282958984e-01
2.567914581298828125e+01
5.832942962646484375e+00
4.291144311428070068e-01
-2.580746841430664062e+01
-1.339942693710327148e+00
-6.184805035591125488e-01
3.414842486381530762e-01
-1.580828905105590820e+00
2.007540893554687500e+01
-2.666094005107879639e-01
1.513860374689102173e-01
1.047855257987976074e+00
-8.768399238586425781e+00
9.568795561790466309e-01
-4.355617523193359375e+00
1.135258316993713379e+00
-2.362171173095703125e+00
-1.531545925140380859e+01
-4.796557426452636719e+00
-2.593163251876831055e+00
5.114869475364685059e-01
-1.460423827171325684e+00
-7.764029979705810547e+00
-8.540225028991699219e-01
1.321729063987731934e+00
-1.503470987081527710e-01
-3.441772937774658203e+00
1.624012947082519531e+00
9.146917343139648438e+00
3.962316751480102539e+00
-1.626922607421875000e+01
-2.411516952514648438e+01
-1.238801598548889160e+00
4.112056791782379150e-01
-2.791227102279663086e+00
2.617657184600830078e+00
-6.946891546249389648e-01
-1.352153062820434570e+00
1.924093216657638550e-01
-1.298733949661254883e+00
-2.184080505371093750e+01
1.036818146705627441e+00
8.363759994506835938e+00
1.364945530891418457e+00
-3.856230676174163818e-01
8.353948593139648438e-01
1.577482938766479492e+00
-3.813318729400634766e+00
3.852422833442687988e-01
-8.565953373908996582e-01
1.596006035804748535e+00
4.979561641812324524e-02
6.798578739166259766e+00
1.696791499853134155e-01
-4.410466551780700684e-01
-2.845685184001922607e-01
6.974282741546630859e+00
-2.193068695068359375e+01
-2.701368033885955811e-01
1.154047131538391113e+00
-2.283547973632812500e+01
-8.299233317375183105e-01
-1.775474190711975098e+00
8.832000195980072021e-02
8.803209662437438965e-01
1.010263562202453613e+00
-1.079839229583740234e+00
7.430515289306640625e-01
-8.286009430885314941e-01
-5.823553085327148438e+00
1.397137880325317383e+00
1.134585738182067871e+00
1.879295110702514648e+00
-2.716226196289062500e+01
4.608538448810577393e-01
1.121357560157775879e+00
5.594666481018066406e+00
9.040647149085998535e-01
2.090973965823650360e-02
9.641884803771972656e+00
2.248985290527343750e+00
-1.509465217590332031e+01
3.359679222106933594e+00
1.560202002525329590e+00
2.552128553390502930e+00
-1.984819889068603516e+00
-1.367107510566711426e+00
-4.078530073165893555e-01
-7.556233882904052734e+00
-9.564637184143066406e+00
1.331491470336914062e+00
-2.848310232162475586e+00
2.007489204406738281e+01
1.307143807411193848e+00
-8.338847011327743530e-02
-6.663532853126525879e-01
-2.962713837623596191e-01
3.886441469192504883e+00
-8.877581357955932617e-01
1.719890594482421875e+00
1.936110973358154297e+00
-1.103337287902832031e+00
1.097217559814453125e+00
2.604529380798339844e+00
-6.689250469207763672e-02
-2.135056495666503906e+00
2.299789428710937500e+00
9.842194914817810059e-01
1.210018253326416016e+01
-1.773299723863601685e-01
2.091237068176269531e+00
-3.146307229995727539e+00
-1.197764396667480469e+00
-6.147280693054199219e+00
-5.127799987792968750e+00
-2.296625852584838867e+00
-2.982678651809692383e+00
-1.393606066703796387e+00
1.899091005325317383e-01
1.019896864891052246e+00
-3.467316329479217529e-01
1.650612449645996094e+01
8.047035217285156250e+00
2.365262359380722046e-01
1.023977375030517578e+01
7.400679588317871094e+00
7.063003778457641602e-01
1.066352844238281250e+00
1.620418167114257812e+01
4.834891483187675476e-02
7.686086893081665039e-01
2.032208204269409180e+00
1.447738528251647949e+00
-6.016145944595336914e-01
-7.247244119644165039e-01
-3.414722979068756104e-01
-1.042298507690429688e+01
-1.266541123390197754e+00
3.186519443988800049e-01
-2.955552864074707031e+01
-3.149144947528839111e-01
-1.165073013305664062e+01
1.052042484283447266e+01
-6.205348372459411621e-01
1.736036315560340881e-02
-1.141637563705444336e+00
9.728624343872070312e+00
1.907974362373352051e+00
-7.164581298828125000e+00
1.835463166236877441e+00
-1.570818573236465454e-01
3.716256022453308105e-01
2.554032765328884125e-02
-4.330585002899169922e-01
1.433870196342468262e-01
-3.676312863826751709e-01
1.693100184202194214e-01
1.640268564224243164e-01
3.172311782836914062e-01
1.364631205797195435e-02
4.740509092807769775e-01
2.135438728332519531e+01
2.349686145782470703e+00
-2.948781251907348633e+00
2.497136592864990234e+00
4.303871631622314453e+00
-5.451069831848144531e+00
3.187984526157379150e-01
-4.460198402404785156e+00
7.962425947189331055e-01
-4.524911344051361084e-01
2.020113563537597656e+01
-1.253262400627136230e+00
2.494633197784423828e+00
-2.531452417373657227e+00
-1.551454424858093262e+00
1.084140062332153320e+00
1.268078899383544922e+01
9.779161214828491211e-01
-1.431983590126037598e+00
2.750403404235839844e+00
-5.230317115783691406e-01
-9.082461595535278320e-01
-7.436933994293212891e+00
1.965179252624511719e+01
2.639095544815063477e+00
1.143020272254943848e+00
1.363422393798828125e+00
-3.266542777419090271e-02
-8.636767387390136719e+00
-1.708999156951904297e+00
-7.172130584716796875e+00
6.176040768623352051e-01
1.298500061035156250e+00
-5.235014438629150391e+00
5.059453487396240234e+00
-1.996636271476745605e+00
8.781974315643310547e-01
2.933010482788085938e+01
-8.523412704467773438e+00
-8.985112309455871582e-01
1.681188106536865234e+00
3.871888816356658936e-01
1.138777062296867371e-01
7.532439708709716797e+00
5.559655427932739258e-01
8.312968909740447998e-02
-1.443034052848815918e+00
8.473800420761108398e-01
7.923535704612731934e-01
-1.753903961181640625e+01
2.822509193420410156e+01
3.754245042800903320e+00
6.869030594825744629e-01
1.295308351516723633e+00
-1.564088058471679688e+01
3.552223145961761475e-01
-9.107502102851867676e-01
7.489599585533142090e-01
-4.016140460968017578e+00
-3.122381687164306641e+00
5.678787827491760254e-01
-4.219111442565917969e+00
2.366263008117675781e+01
-9.084797501564025879e-01
-7.697245478630065918e-01
8.016861975193023682e-02
1.482574701309204102e+00
1.781637072563171387e+00
2.014800643920898438e+01
-2.583899497985839844e+00
-7.467666864395141602e-01
-1.213334560394287109e+00
-3.067831277847290039e+00
1.326431393623352051e+00
3.042784500122070312e+01
4.351662635803222656e+00
-1.080649495124816895e+00
4.628626346588134766e+00
-8.659892082214355469e-01
-1.029893755912780762e-01
2.297603785991668701e-01
-3.066798210144042969e+00
1.076237201690673828e+00
-1.547118306159973145e+00
2.274345159530639648e+00
1.217024326324462891e+01
-5.312574863433837891e+00
7.754137039184570312e+00
