1.241157150268554688e+02
4.048434143066406250e+02
3.157681579589843750e+02
6.216791381835937500e+02
2.324443359375000000e+02
3.795909500122070312e+01
6.998988342285156250e+01
5.893177490234375000e+02
3.195751037597656250e+02
1.181816864013671875e+02
3.518267211914062500e+02
1.809107818603515625e+02
2.753495788574218750e+02
1.899126434326171875e+01
1.751693267822265625e+02
6.710762939453125000e+02
1.145416564941406250e+02
5.401605606079101562e+01
2.475090484619140625e+02
1.601946563720703125e+02
8.719850921630859375e+01
2.607686157226562500e+02
1.939190673828125000e+02
3.308410339355468750e+02
2.714572448730468750e+02
1.117053604125976562e+02
2.194915466308593750e+02
2.127886962890625000e+02
3.885396423339843750e+02
3.367677917480468750e+02
3.453168029785156250e+02
1.123992156982421875e+02
9.505285644531250000e+01
6.200167846679687500e+02
2.027281799316406250e+02
2.229981536865234375e+02
1.459252014160156250e+02
7.580043334960937500e+02
7.053279418945312500e+02
3.531807250976562500e+02
9.747708892822265625e+01
1.596853790283203125e+02
3.197271118164062500e+02
1.354266052246093750e+02
1.524045867919921875e+02
8.674228668212890625e+01
1.135262775421142578e+01
5.579395141601562500e+02
4.550134887695312500e+02
1.988442230224609375e+02
1.167983016967773438e+02
1.058440704345703125e+02
1.765421600341796875e+02
3.113719177246093750e+02
2.625616149902343750e+02
1.401909637451171875e+02
4.031297683715820312e+01
2.045587158203125000e+02
1.336047058105468750e+02
2.973963623046875000e+02
1.619213562011718750e+02
2.396470336914062500e+02
5.143580322265625000e+02
3.298880615234375000e+02
7.946147460937500000e+02
1.688856048583984375e+02
8.098422241210937500e+01
2.689507446289062500e+02
1.578489532470703125e+02
2.966950988769531250e+02
7.263590240478515625e+01
1.485289096832275391e+01
7.218314361572265625e+01
6.088055801391601562e+01
2.444041061401367188e+01
1.268378982543945312e+02
7.588407897949218750e+01
9.393846130371093750e+01
5.162208862304687500e+02
3.127084960937500000e+02
8.180610961914062500e+02
2.478871154785156250e+01
5.087797546386718750e+01
1.939648742675781250e+02
2.097811431884765625e+02
3.030868530273437500e+02
4.515110168457031250e+02
1.323391265869140625e+02
3.014617309570312500e+02
3.922659912109375000e+02
1.712326660156250000e+02
1.665708770751953125e+02
1.375702362060546875e+02
5.330532073974609375e+01
4.157444458007812500e+02
4.158558349609375000e+02
2.503019409179687500e+02
3.386104431152343750e+02
1.089029006958007812e+02
3.344829101562500000e+02
1.940472564697265625e+02
9.715062713623046875e+01
1.275725631713867188e+02
9.440517425537109375e+00
4.849238586425781250e+01
3.149795913696289062e+01
3.734931030273437500e+02
4.339123840332031250e+02
1.292782440185546875e+02
3.132741088867187500e+02
1.910993041992187500e+02
2.052853546142578125e+02
4.884504699707031250e+01
1.146855392456054688e+02
2.155689849853515625e+02
2.571253051757812500e+02
7.428116607666015625e+01
2.367651214599609375e+02
1.120591735839843750e+02
2.060059356689453125e+02
2.904792175292968750e+02
2.054925384521484375e+02
2.094176330566406250e+02
8.436276245117187500e+01
2.189407348632812500e+02
3.484407653808593750e+02
3.541524353027343750e+02
3.245340270996093750e+02
3.502065124511718750e+02
2.841516418457031250e+02
1.320705108642578125e+02
4.165711669921875000e+02
2.419694976806640625e+02
7.050170898437500000e+01
1.773793182373046875e+02
6.270636596679687500e+02
1.875417633056640625e+02
7.634567260742187500e+01
7.116369628906250000e+02
2.296273193359375000e+02
2.274998779296875000e+02
1.778392028808593750e+01
3.058845710754394531e+01
4.741208190917968750e+02
1.830322723388671875e+02
8.430046844482421875e+01
6.809755859375000000e+02
1.003203506469726562e+02
1.349249572753906250e+02
4.908291931152343750e+02
1.105502624511718750e+02
1.653127746582031250e+02
6.520919799804687500e+01
1.981654052734375000e+02
2.696355895996093750e+02
3.740699768066406250e+02
1.112007369995117188e+02
3.103273391723632812e+01
1.499676361083984375e+02
4.074637222290039062e+01
3.918429870605468750e+02
1.663620452880859375e+02
1.515505523681640625e+02
1.066991500854492188e+02
2.473914184570312500e+02
7.672327423095703125e+01
2.513893280029296875e+02
2.305001220703125000e+02
3.967621154785156250e+02
2.327481079101562500e+02
3.526826171875000000e+02
1.213842773437500000e+02
2.442906036376953125e+02
1.308217010498046875e+02
1.998757171630859375e+02
4.167390136718750000e+02
1.437229614257812500e+02
4.272949981689453125e+01
5.642136230468750000e+02
4.333511657714843750e+02
1.263974609375000000e+02
2.552477111816406250e+02
4.643598022460937500e+02
3.326797180175781250e+02
3.350920715332031250e+02
2.126496887207031250e+02
2.571804199218750000e+02
1.555908660888671875e+02
2.570508117675781250e+02
9.458649444580078125e+01
1.719745178222656250e+02
8.138774414062500000e+02
3.684996337890625000e+02
1.893067779541015625e+02
4.479880065917968750e+02
2.056597137451171875e+02
5.446978149414062500e+02
1.591658020019531250e+02
3.620264587402343750e+02
9.136793518066406250e+01
2.013478851318359375e+02
3.786216430664062500e+02
3.310884094238281250e+02
1.558777313232421875e+02
1.747657775878906250e+02
9.892031860351562500e+02
3.807116699218750000e+02
9.789482879638671875e+01
4.258350524902343750e+02
6.702867126464843750e+01
2.200102081298828125e+02
2.150417785644531250e+02
7.939160156250000000e+01
1.377265548706054688e+01
1.050773544311523438e+02
1.047205505371093750e+02
1.144224548339843750e+02
5.174091796875000000e+02
8.369136352539062500e+02
7.487494659423828125e+01
2.393359527587890625e+02
1.399476165771484375e+02
5.021145629882812500e+02
2.731818847656250000e+02
3.984766006469726562e+01
1.651751861572265625e+02
1.647508850097656250e+02
1.790213775634765625e+02
2.091855468750000000e+02
3.122309875488281250e+02
4.726772460937500000e+02
1.843672332763671875e+02
9.918024444580078125e+01
6.804477691650390625e+01
1.017295989990234375e+02
1.306624908447265625e+02
5.619271240234375000e+02
1.719256744384765625e+02
8.791114807128906250e+01
8.179309844970703125e+01
1.439327087402343750e+02
7.881593322753906250e+01
6.687878417968750000e+02
1.228789367675781250e+02
1.797306823730468750e+02
3.501569824218750000e+02
9.116160583496093750e+01
1.682663116455078125e+02
3.942388610839843750e+02
1.182657012939453125e+02
1.675128479003906250e+02
2.209852294921875000e+02
3.879643859863281250e+02
2.874089660644531250e+02
2.351856231689453125e+02
1.426806030273437500e+02
