3.978809509277343750e+02
2.218199920654296875e+02
3.349823913574218750e+02
1.372116394042968750e+02
3.373466796875000000e+03
5.895944824218750000e+02
1.200555419921875000e+03
7.012056274414062500e+02
4.700708923339843750e+02
3.737543640136718750e+02
4.423952636718750000e+02
2.614607543945312500e+02
2.897127990722656250e+02
2.426633453369140625e+02
1.226344833374023438e+02
1.446585327148437500e+03
8.417926025390625000e+02
3.858407897949218750e+02
2.230099334716796875e+02
4.273634033203125000e+02
2.648954772949218750e+02
1.086675567626953125e+02
7.441685180664062500e+02
5.508346557617187500e+02
1.175925827026367188e+02
1.245114746093750000e+03
1.675863342285156250e+02
4.792047729492187500e+02
1.137613159179687500e+03
9.244674682617187500e+01
9.703923950195312500e+02
2.601146850585937500e+02
6.146455078125000000e+02
1.312431884765625000e+03
7.657968139648437500e+02
5.879943847656250000e+02
1.971316375732421875e+02
1.669163970947265625e+02
3.726419372558593750e+02
2.914024658203125000e+02
1.155646850585937500e+03
2.243063964843750000e+02
3.415199584960937500e+02
1.504816894531250000e+02
3.114636230468750000e+02
9.991093139648437500e+02
4.338014221191406250e+02
2.149403228759765625e+02
1.887977905273437500e+02
1.950938568115234375e+02
5.497080688476562500e+02
3.891911926269531250e+02
2.309098663330078125e+02
4.545588989257812500e+02
5.386339721679687500e+02
1.951728973388671875e+02
1.804309539794921875e+02
3.195330200195312500e+02
2.500373382568359375e+02
3.026768493652343750e+02
2.788846435546875000e+02
4.210321044921875000e+02
3.219333251953125000e+03
1.444245300292968750e+02
7.614597778320312500e+02
4.098498046875000000e+03
1.820459747314453125e+02
1.854030456542968750e+02
1.654513549804687500e+02
1.136450317382812500e+03
2.812718017578125000e+03
2.867410888671875000e+02
7.164490966796875000e+02
5.368572998046875000e+02
2.479517578125000000e+03
2.855772705078125000e+02
1.460870971679687500e+02
2.786038818359375000e+02
1.389103271484375000e+03
5.467157592773437500e+02
2.345457916259765625e+02
2.645599365234375000e+02
1.223630981445312500e+03
8.901399230957031250e+01
6.292235107421875000e+02
4.555320739746093750e+02
5.296254272460937500e+02
2.096381530761718750e+02
3.818662414550781250e+02
1.666019897460937500e+02
1.000044433593750000e+03
5.188049926757812500e+02
6.157640380859375000e+02
6.256710449218750000e+03
1.016219711303710938e+02
1.105098114013671875e+02
7.028336791992187500e+02
6.867803344726562500e+02
8.445643310546875000e+02
3.560122070312500000e+02
1.564972839355468750e+02
2.624923400878906250e+02
1.225076522827148438e+02
2.712650756835937500e+02
3.488634338378906250e+02
3.897825317382812500e+02
1.157924118041992188e+02
5.170805053710937500e+02
1.781608734130859375e+02
3.497477111816406250e+02
1.687129150390625000e+03
3.099536437988281250e+02
4.893325500488281250e+02
3.507292785644531250e+02
3.683209533691406250e+02
3.689247131347656250e+02
3.792029724121093750e+02
2.327883605957031250e+02
4.577259216308593750e+02
8.089252929687500000e+02
7.534960937500000000e+02
1.921989440917968750e+02
3.503667602539062500e+02
8.330494384765625000e+02
7.822345581054687500e+02
5.090431213378906250e+02
2.232687255859375000e+03
5.103953857421875000e+02
2.528899993896484375e+02
3.206122070312500000e+03
5.125788574218750000e+02
3.077361450195312500e+02
5.876090087890625000e+02
2.632515563964843750e+02
2.067602691650390625e+02
4.508425292968750000e+02
2.447754058837890625e+02
1.491195831298828125e+02
2.024224853515625000e+02
3.174110717773437500e+02
7.876536254882812500e+02
6.163455810546875000e+02
4.332111206054687500e+02
3.203623962402343750e+02
2.684110107421875000e+02
4.316895446777343750e+02
2.629247436523437500e+02
2.632814941406250000e+02
1.478961059570312500e+03
7.733518981933593750e+01
2.299527099609375000e+03
2.289474639892578125e+02
1.490105957031250000e+03
7.800183105468750000e+02
1.462954559326171875e+02
2.914694213867187500e+02
1.011770019531250000e+02
1.062022827148437500e+03
1.797363281250000000e+02
7.191253051757812500e+02
1.475410308837890625e+02
7.265919189453125000e+02
3.851264648437500000e+02
1.544709106445312500e+03
1.886109161376953125e+02
1.907591705322265625e+02
1.658630065917968750e+02
2.750242919921875000e+02
1.899345550537109375e+02
6.988975219726562500e+02
1.614520629882812500e+03
1.376231536865234375e+02
8.212207031250000000e+01
1.105152435302734375e+02
1.188278320312500000e+03
1.382043304443359375e+02
1.339991821289062500e+03
2.034011230468750000e+02
1.643409881591796875e+02
1.732288970947265625e+02
1.477937927246093750e+02
1.852124938964843750e+02
5.442692260742187500e+02
7.525140380859375000e+02
2.104223144531250000e+03
1.496851959228515625e+02
1.555357788085937500e+03
1.004647140502929688e+02
4.754322814941406250e+02
4.884855346679687500e+02
2.305157775878906250e+02
5.560401611328125000e+02
5.671134033203125000e+02
1.331151275634765625e+02
4.378073120117187500e+02
6.617338256835937500e+02
7.514927368164062500e+02
8.934061279296875000e+02
2.697898559570312500e+02
4.981608886718750000e+02
3.540830993652343750e+02
3.906312744140625000e+03
4.560846862792968750e+02
6.424223632812500000e+02
1.201279541015625000e+03
7.732098999023437500e+02
3.912550048828125000e+02
5.520771972656250000e+03
1.789671325683593750e+02
2.897690734863281250e+02
1.224839248657226562e+02
3.634486389160156250e+02
3.310125122070312500e+02
1.130637664794921875e+02
1.531075439453125000e+03
1.073649536132812500e+03
1.407396392822265625e+02
5.321733398437500000e+02
9.627626342773437500e+02
1.078855346679687500e+03
4.277496948242187500e+02
8.332504882812500000e+02
2.769536132812500000e+02
1.951961364746093750e+02
1.064892654418945312e+02
7.172266845703125000e+02
1.224694091796875000e+03
1.151657104492187500e+02
4.694076843261718750e+02
1.071555908203125000e+03
6.593798828125000000e+02
7.649322509765625000e+02
6.494052734375000000e+02
8.211783447265625000e+02
4.457849731445312500e+02
6.003836669921875000e+02
9.606318969726562500e+02
1.754652862548828125e+02
1.309461822509765625e+02
2.220874328613281250e+02
3.748015136718750000e+02
7.330652465820312500e+02
9.665253295898437500e+02
6.108314208984375000e+02
3.635944213867187500e+02
1.615948333740234375e+02
2.763549072265625000e+03
8.593775024414062500e+02
5.131099853515625000e+02
5.991276245117187500e+02
7.574429931640625000e+02
2.132190917968750000e+03
7.100182495117187500e+02
4.092349243164062500e+02
8.779885253906250000e+02
3.182456970214843750e+02
