2.130634521484375000e+03
3.881529541015625000e+02
2.219019317626953125e+02
3.683691101074218750e+02
3.825497741699218750e+02
9.769296264648437500e+01
1.578247802734375000e+03
7.551190795898437500e+02
2.001188964843750000e+02
1.170853027343750000e+03
4.622980041503906250e+02
4.388023071289062500e+02
2.308123535156250000e+03
2.209535522460937500e+02
1.011013977050781250e+03
3.666935729980468750e+02
1.842739105224609375e+02
8.547158813476562500e+02
2.962205200195312500e+02
4.164588867187500000e+03
1.094331283569335938e+02
1.372727294921875000e+03
1.646041870117187500e+03
2.415684967041015625e+02
4.177091979980468750e+02
4.695370788574218750e+02
2.705531250000000000e+03
2.766062622070312500e+02
1.291906585693359375e+02
1.950976074218750000e+03
1.168186035156250000e+03
2.715990600585937500e+02
4.442515869140625000e+02
1.998204040527343750e+02
6.199544067382812500e+02
9.327316894531250000e+02
2.694754943847656250e+02
3.216847839355468750e+02
2.855041992187500000e+03
2.076111816406250000e+03
5.578676223754882812e+01
2.886982727050781250e+02
6.352958374023437500e+02
2.010743408203125000e+02
2.613728942871093750e+02
5.344003906250000000e+02
8.237539062500000000e+02
1.722227935791015625e+02
1.501929809570312500e+03
1.447363037109375000e+03
1.128661254882812500e+03
4.646875000000000000e+02
1.373710449218750000e+03
1.250777221679687500e+03
7.799798583984375000e+02
1.116926147460937500e+03
2.134514648437500000e+03
1.590891235351562500e+03
4.516968078613281250e+02
6.816654663085937500e+02
2.579028320312500000e+02
4.807356567382812500e+02
1.091300781250000000e+03
8.205435791015625000e+02
3.619985351562500000e+02
3.140992431640625000e+02
3.028875427246093750e+02
1.767405395507812500e+03
3.310830078125000000e+02
1.675595947265625000e+03
1.317434387207031250e+02
3.082448425292968750e+02
2.156524200439453125e+02
3.662749023437500000e+03
2.657548339843750000e+03
1.930938873291015625e+02
5.762354125976562500e+02
4.109349060058593750e+02
2.133390960693359375e+02
1.978604125976562500e+02
1.030392990112304688e+02
1.914884521484375000e+03
3.081158447265625000e+02
1.428823242187500000e+03
2.228012939453125000e+03
2.637847167968750000e+03
1.087848510742187500e+03
1.675682495117187500e+03
2.216505615234375000e+03
2.383175811767578125e+02
4.242880554199218750e+02
1.089462661743164062e+02
1.017529113769531250e+03
1.590317840576171875e+02
2.948614501953125000e+02
2.503082580566406250e+02
2.595010498046875000e+03
5.207318847656250000e+03
1.137442016601562500e+02
3.031736755371093750e+02
1.696175689697265625e+02
1.740473327636718750e+02
5.923656005859375000e+02
1.576252899169921875e+02
2.620142822265625000e+02
4.316563720703125000e+02
1.073661041259765625e+02
6.469992065429687500e+02
7.637208557128906250e+01
2.740649169921875000e+03
2.022432861328125000e+03
5.224774780273437500e+02
1.598194732666015625e+02
4.363164978027343750e+02
1.881809234619140625e+02
6.259562988281250000e+02
4.474786987304687500e+02
1.874097595214843750e+02
3.831043212890625000e+03
1.831127014160156250e+02
1.552666168212890625e+02
3.896563720703125000e+02
5.208679199218750000e+02
2.072055664062500000e+03
1.747922363281250000e+02
2.889377746582031250e+02
1.459448974609375000e+03
8.045314025878906250e+01
2.004628601074218750e+02
2.565805969238281250e+02
3.197431030273437500e+02
3.301679077148437500e+02
1.676502380371093750e+02
8.564926757812500000e+02
1.344961669921875000e+03
1.566924194335937500e+03
1.011171569824218750e+03
4.634758300781250000e+02
1.698245727539062500e+03
8.917793273925781250e+01
1.679705352783203125e+02
3.505097045898437500e+02
1.855292480468750000e+03
2.470315093994140625e+02
1.749305877685546875e+02
2.127707977294921875e+02
1.335520263671875000e+03
4.598938598632812500e+02
9.045726928710937500e+02
1.915301147460937500e+03
4.618598327636718750e+02
1.512076568603515625e+02
2.533858642578125000e+03
2.678529968261718750e+02
3.234672546386718750e+02
2.347473297119140625e+02
3.716422607421875000e+03
2.383117919921875000e+03
1.899659545898437500e+03
1.975546875000000000e+02
1.796492309570312500e+02
2.572816894531250000e+03
6.102702636718750000e+02
1.424223144531250000e+03
1.046243972778320312e+02
4.610088500976562500e+02
5.164738281250000000e+03
2.792693359375000000e+03
4.679989929199218750e+02
3.553699645996093750e+02
6.762781372070312500e+02
9.750994262695312500e+02
3.912659301757812500e+02
1.979426574707031250e+02
9.685267944335937500e+02
3.994430541992187500e+02
1.482786254882812500e+02
2.264484375000000000e+03
2.495898590087890625e+02
2.219358154296875000e+03
1.620187225341796875e+02
2.397245941162109375e+02
4.848643798828125000e+02
2.002632293701171875e+02
3.501192016601562500e+02
7.290409545898437500e+02
7.264989013671875000e+02
6.590302124023437500e+02
6.548060913085937500e+02
1.702758483886718750e+02
8.871833038330078125e+01
9.260722656250000000e+02
1.971509857177734375e+02
4.455738830566406250e+02
1.587624359130859375e+02
1.491552276611328125e+02
1.763014526367187500e+02
1.117600952148437500e+03
2.167045898437500000e+03
1.839268554687500000e+03
1.757475280761718750e+02
4.076046752929687500e+02
1.475737426757812500e+03
6.825228881835937500e+02
1.121586608886718750e+02
1.281013427734375000e+03
1.251528625488281250e+02
3.282085876464843750e+02
2.358099365234375000e+03
8.675532226562500000e+02
3.120426330566406250e+02
5.647569580078125000e+02
3.552230957031250000e+03
1.340959014892578125e+02
1.409054931640625000e+03
2.150103515625000000e+03
2.650656982421875000e+03
3.731085510253906250e+02
2.729862365722656250e+02
2.111821533203125000e+03
2.385164031982421875e+02
1.579925292968750000e+03
2.242275878906250000e+03
5.268203735351562500e+02
3.906629638671875000e+02
4.933923950195312500e+02
3.492703857421875000e+03
1.647303955078125000e+03
1.840262573242187500e+03
2.076344451904296875e+02
4.318502502441406250e+02
5.771619262695312500e+02
5.560457763671875000e+02
1.513020019531250000e+02
5.416350708007812500e+02
1.096654586791992188e+02
2.933045349121093750e+02
1.939136505126953125e+02
1.674004272460937500e+03
8.137483978271484375e+01
3.634214782714843750e+02
1.396477783203125000e+03
1.993323608398437500e+03
1.242187500000000000e+03
1.812738342285156250e+02
2.793713684082031250e+02
7.860328369140625000e+02
2.682856140136718750e+02
3.866797790527343750e+02
7.063333892822265625e+01
2.024761810302734375e+02
1.806695556640625000e+02
5.139110717773437500e+02
7.561450805664062500e+02
1.982107086181640625e+02
8.220211791992187500e+02
