2.279707527160644531e+01
3.388771972656250000e+02
4.009604644775390625e+01
1.736093139648437500e+03
7.870089721679687500e+01
2.629007720947265625e+01
8.220600128173828125e+00
1.838190429687500000e+03
7.766735076904296875e+01
1.566751670837402344e+01
1.726711669921875000e+03
2.488470840454101562e+01
3.582536315917968750e+01
1.654752731323242188e+01
3.338034057617187500e+01
1.216536987304687500e+03
3.020285415649414062e+01
1.383863735198974609e+01
6.209294128417968750e+01
2.549653930664062500e+02
2.489822196960449219e+01
4.916864395141601562e+01
2.333053016662597656e+01
6.076090240478515625e+01
5.199713134765625000e+02
1.521231536865234375e+02
6.271564102172851562e+01
1.039557170867919922e+01
3.363536453247070312e+01
4.402905654907226562e+01
1.507284088134765625e+02
3.123012351989746094e+01
8.371055603027343750e+01
2.018338317871093750e+02
6.954055786132812500e+00
2.969860534667968750e+02
3.185805702209472656e+01
4.182091064453125000e+02
1.825005737304687500e+03
7.569240093231201172e+00
3.403247833251953125e+01
1.141910476684570312e+02
6.963679504394531250e+01
1.373587131500244141e+01
4.859988784790039062e+01
1.568194675445556641e+01
7.305708885192871094e+00
1.296585205078125000e+03
7.836350250244140625e+01
1.717652282714843750e+02
7.059091567993164062e+00
3.103773117065429688e+01
7.689130306243896484e+00
3.354477691650390625e+01
4.290230560302734375e+01
3.190183067321777344e+01
4.628072261810302734e+00
4.224777984619140625e+01
1.870802879333496094e+01
1.149920730590820312e+02
1.407483386993408203e+01
1.142965984344482422e+01
4.029579544067382812e+01
1.326726341247558594e+01
1.657085937500000000e+03
8.873684883117675781e+00
2.779718017578125000e+01
1.244060791015625000e+03
4.627912902832031250e+01
3.232226562500000000e+01
9.078324317932128906e+00
6.212280273437500000e+00
3.221922683715820312e+01
2.745253753662109375e+01
1.368007755279541016e+01
3.215592575073242188e+01
2.461282730102539062e+01
3.387427520751953125e+01
4.703005218505859375e+01
4.232121658325195312e+01
1.960853271484375000e+03
1.375613307952880859e+01
6.107623100280761719e+00
5.466458129882812500e+01
1.529579257965087891e+01
2.784937667846679688e+01
2.071819305419921875e+02
2.369861412048339844e+01
7.989620361328125000e+02
6.829541683197021484e+00
1.735912017822265625e+02
4.448908996582031250e+01
1.893068885803222656e+01
3.378748703002929688e+01
1.666740226745605469e+01
1.788544769287109375e+02
2.432920227050781250e+02
1.130270843505859375e+02
1.481789493560791016e+01
8.142369995117187500e+02
7.029366016387939453e+00
1.645937728881835938e+01
1.764687347412109375e+01
1.989062309265136719e+01
5.916341781616210938e+01
1.956799125671386719e+01
2.628136253356933594e+01
2.098143196105957031e+01
2.991637229919433594e+01
4.642238616943359375e+01
4.560917282104492188e+01
1.817540740966796875e+01
6.441240692138671875e+01
5.467858886718750000e+01
2.380804252624511719e+01
6.331142578125000000e+02
2.887021255493164062e+01
2.575265693664550781e+01
9.577521514892578125e+01
5.591759681701660156e+00
3.503672790527343750e+01
3.619747924804687500e+01
6.510390472412109375e+01
1.265808105468750000e+01
5.115630340576171875e+01
2.532644081115722656e+01
2.939427757263183594e+01
1.303259563446044922e+01
7.562108764648437500e+02
4.200582504272460938e+01
3.351134109497070312e+01
1.323945465087890625e+02
3.548883438110351562e+01
1.693283271789550781e+01
4.681644439697265625e+01
1.028461791992187500e+03
6.344620895385742188e+01
4.848445510864257812e+01
1.087765960693359375e+02
2.788430023193359375e+01
1.005108547210693359e+01
6.797036170959472656e+00
1.557931613922119141e+01
5.084324035644531250e+02
4.196176528930664062e+01
1.033200550079345703e+01
1.923560302734375000e+03
1.343959808349609375e+01
4.316803894042968750e+02
4.333930969238281250e+01
2.610998535156250000e+01
3.587305068969726562e+01
1.233947372436523438e+01
5.575862503051757812e+01
5.727064895629882812e+01
9.568374633789062500e+01
1.727490425109863281e+01
1.131348228454589844e+01
2.636195564270019531e+01
9.338315010070800781e+00
3.766202449798583984e+00
3.817943954467773438e+01
2.828467750549316406e+01
4.379909896850585938e+01
2.863805580139160156e+01
1.741244316101074219e+01
3.400370025634765625e+01
3.871859741210937500e+01
5.003710327148437500e+02
3.661915588378906250e+01
4.671563339233398438e+01
3.234622573852539062e+01
6.627435302734375000e+01
4.434060668945312500e+01
2.224713516235351562e+01
8.491493988037109375e+01
3.329134750366210938e+01
6.744171142578125000e+00
1.413503173828125000e+03
2.708284759521484375e+01
4.566767883300781250e+01
6.764337921142578125e+01
6.156352615356445312e+01
2.085462951660156250e+01
4.312619323730468750e+02
5.240433883666992188e+01
2.693451690673828125e+01
1.188995513916015625e+02
3.617602539062500000e+01
4.515920639038085938e+01
5.396733093261718750e+01
1.184076660156250000e+03
6.545108795166015625e+01
1.108056564331054688e+02
7.434746551513671875e+01
2.335520935058593750e+01
4.771376342773437500e+02
6.598238372802734375e+01
2.433149108886718750e+02
3.642234802246093750e+01
2.314915847778320312e+01
9.168004608154296875e+01
3.930621337890625000e+01
4.123531723022460938e+01
1.890781974792480469e+01
2.144838623046875000e+03
3.604783020019531250e+02
1.777487754821777344e+01
5.285493850708007812e+00
1.137729740142822266e+01
1.740877342224121094e+01
1.394547119140625000e+02
1.201350307464599609e+01
1.445840644836425781e+01
4.135137176513671875e+01
2.172839355468750000e+01
2.576467704772949219e+01
3.943106079101562500e+02
1.794077514648437500e+03
5.630894851684570312e+01
1.503698921203613281e+01
2.998057174682617188e+01
6.034357910156250000e+02
2.074836540222167969e+01
1.581278705596923828e+01
2.050967216491699219e+01
9.163960266113281250e+01
4.873657608032226562e+01
2.235632705688476562e+01
2.829417800903320312e+01
1.496434570312500000e+03
2.242517662048339844e+01
9.735797882080078125e+00
6.083916854858398438e+01
3.002434349060058594e+01
2.284284591674804688e+01
6.977571411132812500e+02
5.692690658569335938e+01
2.274084854125976562e+01
3.647911453247070312e+01
7.636865997314453125e+01
4.902992725372314453e+00
1.630900512695312500e+03
6.266926193237304688e+01
4.960167407989501953e+00
8.962967681884765625e+01
8.253239631652832031e+00
3.187408828735351562e+01
1.251101016998291016e+01
1.402355289459228516e+01
1.128506088256835938e+01
1.945441246032714844e+01
5.799669647216796875e+01
8.165281372070312500e+02
1.419437408447265625e+02
6.629694366455078125e+01
