2.781395263671875000e+02
3.225590820312500000e+02
1.247259521484375000e+02
2.603299255371093750e+02
1.439827880859375000e+02
4.318350982666015625e+01
4.100769653320312500e+02
1.579546508789062500e+02
2.804864501953125000e+02
7.070262908935546875e+01
4.040428543090820312e+01
1.838019256591796875e+02
3.334821777343750000e+02
1.498272552490234375e+02
5.332160644531250000e+02
1.356132507324218750e+02
5.413419342041015625e+01
2.472270355224609375e+02
1.735818328857421875e+02
1.859909210205078125e+02
8.224546813964843750e+01
2.367396850585937500e+02
2.533590850830078125e+02
1.650058593750000000e+02
2.235094146728515625e+02
4.133638305664062500e+02
1.313447875976562500e+02
3.965746154785156250e+02
9.011540222167968750e+01
1.906794433593750000e+02
7.274291229248046875e+01
4.541827392578125000e+01
1.665630950927734375e+02
1.292030639648437500e+02
8.449392700195312500e+01
1.991485443115234375e+02
6.973332214355468750e+01
1.575683135986328125e+02
1.245356445312500000e+02
1.373372497558593750e+02
9.033592987060546875e+01
1.301742095947265625e+02
3.209994506835937500e+01
2.844876098632812500e+02
3.664143676757812500e+02
1.963719024658203125e+02
1.353030395507812500e+02
1.626243591308593750e+02
6.441940307617187500e+02
1.403809814453125000e+02
3.784980773925781250e+01
2.435671081542968750e+02
1.109200363159179688e+02
9.369477844238281250e+01
4.180600891113281250e+02
2.483888702392578125e+02
6.790813446044921875e+01
1.679252777099609375e+02
2.004259185791015625e+02
1.125015563964843750e+02
1.970246124267578125e+02
4.202695312500000000e+02
3.017291870117187500e+02
1.127996139526367188e+02
2.111761322021484375e+02
2.545239105224609375e+02
4.667357177734375000e+02
2.001840667724609375e+02
4.825182495117187500e+02
1.418075408935546875e+02
2.811290283203125000e+02
1.226583328247070312e+02
1.813609008789062500e+02
3.298669128417968750e+02
1.308550720214843750e+02
2.565198669433593750e+02
8.806084442138671875e+01
2.441656036376953125e+02
1.473740539550781250e+02
5.531671752929687500e+02
1.116195983886718750e+02
1.623304748535156250e+02
1.205211944580078125e+02
1.323517913818359375e+02
4.406754150390625000e+02
5.036300277709960938e+01
1.038892089843750000e+03
1.496395416259765625e+02
1.505351409912109375e+02
3.416885070800781250e+02
1.754259185791015625e+02
2.687204895019531250e+02
2.129291076660156250e+02
2.861227416992187500e+02
1.963156433105468750e+02
3.704618530273437500e+02
1.468945770263671875e+02
3.537883377075195312e+01
8.297875976562500000e+01
4.091237182617187500e+02
2.798302307128906250e+02
2.697192993164062500e+02
5.630542602539062500e+02
4.175283203125000000e+02
3.016412963867187500e+02
5.803297729492187500e+02
2.249451293945312500e+02
1.236792373657226562e+02
1.269124603271484375e+02
4.276276245117187500e+02
2.289899749755859375e+02
2.278305358886718750e+02
1.942184906005859375e+02
1.940347137451171875e+02
1.653589630126953125e+02
3.152711486816406250e+02
2.757145080566406250e+02
2.230300292968750000e+02
4.592980957031250000e+02
1.960341186523437500e+02
1.693924560546875000e+02
2.269214324951171875e+02
6.143069458007812500e+01
1.042955474853515625e+02
1.345713806152343750e+02
2.035198974609375000e+02
2.153424530029296875e+02
9.333318328857421875e+01
