1.807033729553222656e+01
2.714208496093750000e+03
3.126058959960937500e+02
2.764526367187500000e+03
1.081806106567382812e+02
1.174782333374023438e+02
1.449799728393554688e+01
2.348237304687500000e+03
2.878476562500000000e+02
1.200338516235351562e+02
1.049309692382812500e+03
9.454576873779296875e+01
3.962932205200195312e+01
8.737237930297851562e+00
1.049563446044921875e+02
2.565367675781250000e+03
6.943383789062500000e+01
2.037626457214355469e+01
3.208764648437500000e+02
1.335339050292968750e+02
1.135650177001953125e+02
3.140034484863281250e+02
2.627908935546875000e+02
6.624672698974609375e+01
2.763075561523437500e+02
1.604017486572265625e+02
1.739260253906250000e+02
1.506146392822265625e+02
7.762016296386718750e+01
2.004428863525390625e+02
1.655960540771484375e+02
3.932134246826171875e+01
1.823178863525390625e+02
7.032095947265625000e+02
1.341869049072265625e+02
2.946525268554687500e+02
3.342999572753906250e+02
6.033588256835937500e+02
2.633681152343750000e+03
5.554358673095703125e+01
1.025867385864257812e+02
1.361830139160156250e+02
1.579474029541015625e+02
5.988389968872070312e+01
1.529647827148437500e+02
1.642556190490722656e+01
7.839781284332275391e+00
2.432795654296875000e+03
1.162310256958007812e+02
1.412005493164062500e+03
1.613229179382324219e+01
4.395699691772460938e+01
4.276180267333984375e+01
1.265227584838867188e+02
7.279547119140625000e+01
1.063331832885742188e+02
1.087479496002197266e+01
7.391900634765625000e+01
1.598789215087890625e+02
3.323304748535156250e+02
7.049337768554687500e+01
2.085907363891601562e+01
3.948855590820312500e+01
1.182276077270507812e+02
2.820186767578125000e+03
1.650400543212890625e+01
9.659352874755859375e+01
1.655805419921875000e+03
6.580017089843750000e+01
1.387989654541015625e+02
2.226106071472167969e+01
4.352925300598144531e+00
9.693278503417968750e+01
2.388594436645507812e+01
6.597164630889892578e+00
4.915002441406250000e+01
8.386048889160156250e+01
9.132614135742187500e+01
1.487626495361328125e+02
8.075379180908203125e+01
3.203574218750000000e+03
6.340042114257812500e+00
1.884720802307128906e+01
9.752561950683593750e+01
8.429595184326171875e+01
3.061628532409667969e+01
4.130494689941406250e+02
2.660349731445312500e+02
5.601875000000000000e+02
7.789118957519531250e+01
4.246046752929687500e+02
4.687982559204101562e+01
6.742230987548828125e+01
7.875496673583984375e+01
2.274767494201660156e+01
2.003323669433593750e+02
2.851781005859375000e+02
1.845496368408203125e+02
3.093740844726562500e+01
7.684525146484375000e+02
5.094152069091796875e+01
4.731964111328125000e+01
1.997604751586914062e+01
3.061961746215820312e+01
7.691889190673828125e+01
1.473753261566162109e+01
7.770029449462890625e+01
1.013653869628906250e+02
4.296849060058593750e+01
2.275954895019531250e+02
2.113726348876953125e+02
2.648276710510253906e+01
5.667522811889648438e+01
1.463935546875000000e+02
1.342087860107421875e+02
3.321003112792968750e+02
3.720603179931640625e+01
1.614260559082031250e+02
1.653096466064453125e+02
3.651908493041992188e+01
6.471887817382812500e+02
2.255644226074218750e+02
9.057322387695312500e+02
3.189031791687011719e+01
1.072105407714843750e+02
1.060092353820800781e+01
2.240908508300781250e+02
2.698160171508789062e+01
1.444659179687500000e+03
5.824375000000000000e+02
6.854399108886718750e+01
7.350822143554687500e+02
1.664164428710937500e+02
3.713388061523437500e+01
8.333087921142578125e+01
2.003943237304687500e+03
1.125110168457031250e+02
7.474218750000000000e+01
3.484043884277343750e+02
2.506984252929687500e+02
5.028498458862304688e+01
1.587077140808105469e+01
8.065432739257812500e+01
2.205548828125000000e+03
2.054275970458984375e+02
9.579580688476562500e+01
2.828816162109375000e+03
9.417281341552734375e+01
1.869753570556640625e+02
1.066656341552734375e+02
7.412695312500000000e+01
1.422959289550781250e+02
3.274916076660156250e+01
2.740366516113281250e+02
4.928113174438476562e+01
8.265472412109375000e+02
6.574455261230468750e+01
9.369114875793457031e+00
2.410634040832519531e+01
3.319380569458007812e+01
9.227621078491210938e+00
1.650954437255859375e+02
7.168441009521484375e+01
5.558760070800781250e+01
5.384832763671875000e+01
2.487335777282714844e+01
1.839331512451171875e+02
2.429701080322265625e+02
1.286618286132812500e+03
6.951520385742187500e+02
3.987112731933593750e+02
1.317039337158203125e+02
8.264086914062500000e+01
9.317163848876953125e+01
4.868870162963867188e+01
1.666046905517578125e+02
2.828343391418457031e+01
1.983795738220214844e+01
1.083950317382812500e+03
1.028596954345703125e+02
3.281991882324218750e+02
2.823211975097656250e+02
7.923841094970703125e+01
2.264499969482421875e+02
1.100073852539062500e+03
5.252221679687500000e+02
2.254942169189453125e+02
4.411965637207031250e+02
6.357462692260742188e+01
1.565785980224609375e+02
1.749380950927734375e+02
2.212714599609375000e+03
6.916141510009765625e+01
4.723154296875000000e+02
1.906131439208984375e+02
1.949954681396484375e+02
4.589670104980468750e+02
1.726531066894531250e+02
2.862210998535156250e+02
2.504166221618652344e+01
1.302237701416015625e+02
4.702752685546875000e+02
2.252010345458984375e+02
1.730242462158203125e+02
9.713923645019531250e+01
2.949576660156250000e+03
8.018834228515625000e+02
1.721028747558593750e+02
1.956913375854492188e+01
7.956286621093750000e+01
2.776274108886718750e+02
1.440131072998046875e+02
2.814057350158691406e+01
8.552597999572753906e+00
3.979411315917968750e+01
5.456613540649414062e+01
4.770189666748046875e+01
9.144841918945312500e+02
2.119098388671875000e+03
2.443305206298828125e+02
9.810690307617187500e+01
1.175327453613281250e+02
5.927195434570312500e+02
7.061874389648437500e+01
2.868800163269042969e+01
9.724427032470703125e+01
1.780309448242187500e+02
1.005925292968750000e+02
2.154832458496093750e+02
1.101853637695312500e+02
1.790126708984375000e+03
1.047591857910156250e+02
9.857488250732421875e+01
1.071455078125000000e+02
2.691887817382812500e+02
1.237611618041992188e+02
1.287597900390625000e+03
3.225079345703125000e+02
3.478787612915039062e+01
5.107308197021484375e+01
2.624607849121093750e+02
2.856315040588378906e+01
2.014607421875000000e+03
1.178599472045898438e+02
2.382398605346679688e+01
4.104559631347656250e+02
9.053971099853515625e+01
9.968434906005859375e+01
2.645929870605468750e+02
5.663980102539062500e+01
4.679784774780273438e+01
1.633196258544921875e+02
7.531285858154296875e+01
9.584670257568359375e+01
2.554313659667968750e+02
2.881082458496093750e+02
