-1.323061084747314453e+01
-2.337916564941406250e+01
-2.682485389709472656e+01
-2.548422050476074219e+01
-6.882958412170410156e+00
-1.951387405395507812e+01
-8.473853111267089844e+00
-2.808292007446289062e+01
5.837160587310791016e+00
-2.130905342102050781e+01
2.498131370544433594e+01
1.031427502632141113e+00
2.132760429382324219e+01
-6.693336009979248047e+00
-6.125916004180908203e+00
-2.810545730590820312e+01
1.092956364154815674e-01
1.203551578521728516e+01
6.907704353332519531e+00
2.200149917602539062e+01
-1.768142509460449219e+01
1.487470030784606934e+00
2.594176483154296875e+01
1.187593269348144531e+01
-1.534565067291259766e+01
-2.511638402938842773e+00
1.091541004180908203e+01
-9.913602828979492188e+00
2.730088949203491211e+00
3.483927726745605469e+00
2.082050514221191406e+01
1.644547462463378906e+01
9.089911460876464844e+00
4.342929840087890625e+00
2.261812019348144531e+01
1.639548063278198242e+00
1.538139724731445312e+01
-7.065897464752197266e+00
-5.207803726196289062e+00
1.684897232055664062e+01
-1.778347778320312500e+01
1.077161788940429688e+01
-1.336031341552734375e+01
-1.265189647674560547e+01
-2.843700027465820312e+01
-2.028871345520019531e+01
-3.293714523315429688e+00
-3.349511718750000000e+01
2.747732543945312500e+01
-2.240077018737792969e+01
-1.413629055023193359e+01
1.424473953247070312e+01
-1.733460044860839844e+01
4.119274616241455078e+00
-1.953381538391113281e+01
-9.715447425842285156e+00
-6.535781383514404297e+00
-5.008761882781982422e+00
-2.306130599975585938e+01
1.837901687622070312e+01
1.438059425354003906e+01
-3.980587482452392578e+00
2.079154968261718750e+01
8.310613632202148438e+00
2.217897033691406250e+01
1.552834987640380859e+01
1.555616378784179688e+01
3.271286392211914062e+01
-1.313007259368896484e+01
1.392213153839111328e+01
1.380729579925537109e+01
-6.803818345069885254e-01
7.531394481658935547e+00
4.460698604583740234e+00
-2.348418712615966797e+00
1.438562965393066406e+01
-1.778093910217285156e+01
1.293853092193603516e+01
9.509952545166015625e+00
-1.854325675964355469e+01
3.525289535522460938e+01
-4.624064445495605469e+00
-5.668177127838134766e+00
1.541681098937988281e+01
-9.263865470886230469e+00
5.749939918518066406e+00
7.974237918853759766e+00
1.648690032958984375e+01
5.935121059417724609e+00
-7.906762123107910156e+00
-2.530268287658691406e+01
-2.681415176391601562e+01
2.396429061889648438e+01
1.012633705139160156e+01
-1.427730655670166016e+01
2.556944847106933594e+01
1.199737071990966797e+01
-1.265138626098632812e+01
-2.004385185241699219e+01
3.257814788818359375e+01
-7.373425960540771484e+00
1.032935810089111328e+01
1.890338778495788574e+00
-2.710179567337036133e+00
-1.869421958923339844e+01
1.311823844909667969e+00
3.124739646911621094e+00
1.405766010284423828e+01
1.779052925109863281e+01
1.471023082733154297e+01
-1.740271949768066406e+01
-1.470324707031250000e+01
1.025822257995605469e+01
7.032295703887939453e+00
-9.519171714782714844e+00
-1.241066217422485352e+00
8.284724235534667969e+00
2.202944755554199219e+01
1.536010551452636719e+01
-7.206193923950195312e+00
-2.001883697509765625e+01
1.962873649597167969e+01
-2.028329277038574219e+01
-1.416984462738037109e+01
-1.793348121643066406e+01
-1.040242767333984375e+01
-3.037525749206542969e+01
5.675877571105957031e+00
2.179457092285156250e+01
-1.723743057250976562e+01
-1.135508537292480469e+01
-4.472849845886230469e+00
-1.356810379028320312e+01
2.198263359069824219e+01
1.123164749145507812e+01
5.440307617187500000e+00
-2.149109840393066406e+01
2.022047424316406250e+01
1.213364505767822266e+01
-9.575172424316406250e+00
2.556010055541992188e+01
1.116975688934326172e+01
-7.776469588279724121e-01
-1.367846298217773438e+01
3.565345764160156250e+01
-6.317753314971923828e+00
1.691107559204101562e+01
1.334361076354980469e+01
-8.747733116149902344e+00
-6.322515487670898438e+00
1.442867088317871094e+01
1.228355503082275391e+01
1.217539405822753906e+01
6.283957481384277344e+00
8.580309867858886719e+00
1.570136356353759766e+01
6.816021442413330078e+00
-4.811057090759277344e+00
-1.154265403747558594e+01
-6.599274158477783203e+00
8.804388046264648438e+00
-1.016978645324707031e+01
-1.179598331451416016e+01
-1.829264640808105469e+01
-4.628826618194580078e+00
5.386630058288574219e+00
-1.317290878295898438e+01
-1.795070648193359375e+01
-6.361110210418701172e+00
-1.087655353546142578e+01
3.574021148681640625e+01
2.436250114440917969e+01
-2.024184226989746094e+01
-7.745004177093505859e+00
3.807564973831176758e+00
2.212327766418457031e+01
8.261876106262207031e+00
7.911029338836669922e+00
7.912129759788513184e-01
1.300823402404785156e+01
2.574657440185546875e+01
-1.405736541748046875e+01
1.641903686523437500e+01
-8.603103637695312500e+00
3.040705680847167969e+00
7.903330326080322266e+00
9.678324699401855469e+00
-1.956352233886718750e+01
5.234091281890869141e+00
-1.415851402282714844e+01
-1.361510467529296875e+01
-2.857320976257324219e+01
-1.460997962951660156e+01
2.506105995178222656e+01
2.685108375549316406e+01
-2.067538261413574219e+01
1.228992843627929688e+01
-2.359885025024414062e+01
-2.031078910827636719e+01
-1.011758804321289062e+01
1.417898082733154297e+01
-1.519814395904541016e+01
2.752229881286621094e+01
1.262354755401611328e+01
1.648615646362304688e+01
2.100609016418457031e+01
-2.384923171997070312e+01
8.554077148437500000e+00
-1.140568447113037109e+01
1.211211013793945312e+01
-1.507482337951660156e+01
-1.060696887969970703e+01
3.100366353988647461e+00
2.988259315490722656e+00
2.996518850326538086e+00
1.574192619323730469e+01
2.219152212142944336e+00
-2.108393859863281250e+01
-2.668671989440917969e+01
-6.119651317596435547e+00
-1.492223644256591797e+01
1.712520790100097656e+01
5.920404195785522461e-01
8.332984924316406250e+00
3.148681819438934326e-01
-1.193464469909667969e+01
1.044453144073486328e+01
3.260121536254882812e+01
-7.266419887542724609e+00
2.039065170288085938e+01
-1.963591003417968750e+01
-9.592180252075195312e+00
7.788353443145751953e+00
-1.107219123840332031e+01
8.902467727661132812e+00
-1.948775482177734375e+01
3.287789821624755859e+00
2.467826271057128906e+01
-1.749920272827148438e+01
-6.025947570800781250e+00
-8.474664688110351562e+00
6.059607505798339844e+00
2.715357017517089844e+01
-2.548706626892089844e+01
1.078277206420898438e+01
-1.220322799682617188e+01
1.241478157043457031e+01
1.630887031555175781e+01
-2.639990043640136719e+01
1.158427810668945312e+01
-1.803464698791503906e+01
-1.268766307830810547e+01
2.325547409057617188e+01
-2.827830886840820312e+01
6.960326671600341797e+00
-2.404419517517089844e+01
