1.631169891357421875e+02
5.331745605468750000e+02
3.419682922363281250e+02
8.164647827148437500e+02
7.184856414794921875e+01
8.039962005615234375e+01
8.827773284912109375e+01
1.366163787841796875e+02
2.165656890869140625e+02
5.374073791503906250e+01
1.875623626708984375e+02
1.723097229003906250e+02
2.550082397460937500e+02
2.650718498229980469e+01
2.901548156738281250e+02
2.679636535644531250e+02
1.560289764404296875e+02
3.569219970703125000e+01
1.921303863525390625e+02
2.820718078613281250e+02
3.265348510742187500e+02
1.092631607055664062e+02
2.149134216308593750e+02
1.506014709472656250e+02
1.954825592041015625e+02
1.163745956420898438e+02
3.577920532226562500e+02
2.653114013671875000e+02
3.554489135742187500e+02
1.978978729248046875e+02
2.586145935058593750e+02
4.779317855834960938e+01
2.549242095947265625e+02
4.840117797851562500e+02
1.612722320556640625e+02
1.030812225341796875e+02
4.463627624511718750e+02
2.347914581298828125e+02
6.437010498046875000e+02
1.209765625000000000e+02
4.676550903320312500e+02
1.027305526733398438e+02
1.775181121826171875e+02
8.139018249511718750e+01
1.669137725830078125e+02
8.190189361572265625e+01
4.033327865600585938e+01
4.214795532226562500e+02
3.402460937500000000e+02
1.578193664550781250e+02
1.395086364746093750e+02
2.046227111816406250e+02
1.173140487670898438e+02
1.077670364379882812e+02
1.141106491088867188e+02
5.447601699829101562e+01
3.423120117187500000e+01
5.150845718383789062e+01
3.024906005859375000e+02
1.388386230468750000e+02
5.790245819091796875e+01
1.633275756835937500e+02
1.801304473876953125e+02
1.438345489501953125e+02
5.505659790039062500e+02
1.388460998535156250e+02
1.040506439208984375e+02
2.906881408691406250e+02
1.045605010986328125e+02
1.565188903808593750e+02
5.980097961425781250e+01
1.727656707763671875e+02
1.057649383544921875e+02
1.619016876220703125e+02
3.036935615539550781e+01
2.570743103027343750e+02
4.674296569824218750e+01
9.096836853027343750e+01
1.312393493652343750e+02
1.848933105468750000e+02
7.288819580078125000e+02
1.262447204589843750e+02
1.637074584960937500e+02
1.698266448974609375e+02
1.133589706420898438e+02
8.291590881347656250e+01
1.495102081298828125e+02
2.568679809570312500e+02
1.033336257934570312e+02
1.393434448242187500e+02
1.536567687988281250e+02
7.371443176269531250e+01
1.788912353515625000e+02
3.925868225097656250e+02
2.057163848876953125e+02
1.161214294433593750e+02
3.473546142578125000e+02
1.424826965332031250e+02
8.487094879150390625e+01
1.954423370361328125e+02
1.252831878662109375e+02
1.645662536621093750e+02
9.008312225341796875e+01
8.770212554931640625e+01
1.019246978759765625e+02
3.999101257324218750e+01
1.277081909179687500e+02
1.768368682861328125e+02
1.626401062011718750e+02
1.060202331542968750e+02
2.777928466796875000e+02
1.426256103515625000e+02
8.263983154296875000e+01
9.373519134521484375e+01
9.030686950683593750e+01
1.651445159912109375e+02
9.117222595214843750e+01
3.274561462402343750e+02
1.340023040771484375e+02
7.167805480957031250e+01
2.283826904296875000e+02
2.639841918945312500e+02
2.681379394531250000e+02
5.041104507446289062e+01
1.578971710205078125e+02
1.857392883300781250e+02
1.669619445800781250e+02
9.457261657714843750e+01
3.790414123535156250e+02
2.388782348632812500e+02
9.085424804687500000e+01
2.279853515625000000e+02
1.709671478271484375e+02
1.122002716064453125e+02
2.189688110351562500e+02
2.986951293945312500e+02
7.975814819335937500e+01
1.681874847412109375e+02
1.721198883056640625e+02
2.891478271484375000e+02
1.583200378417968750e+02
8.018936157226562500e+01
1.234894943237304688e+02
5.960012817382812500e+02
9.957558441162109375e+01
1.249304275512695312e+02
5.216743774414062500e+02
1.997898559570312500e+02
2.548918762207031250e+02
4.944963073730468750e+02
8.287232208251953125e+01
1.432936401367187500e+02
3.923965835571289062e+01
1.619601745605468750e+02
1.040585861206054688e+02
1.020859909057617188e+02
7.244626617431640625e+01
8.288275146484375000e+01
5.873838424682617188e+01
1.994648437500000000e+02
3.375242309570312500e+02
3.530367126464843750e+02
8.236396789550781250e+01
1.129890518188476562e+02
1.464000701904296875e+02
2.170429229736328125e+02
1.734004974365234375e+02
2.306717681884765625e+02
1.969935150146484375e+02
3.108403930664062500e+02
1.938931884765625000e+02
3.770884323120117188e+01
7.177309417724609375e+01
2.802548217773437500e+02
5.440006637573242188e+01
1.390611114501953125e+02
6.323479080200195312e+01
1.197943649291992188e+02
4.187671203613281250e+02
8.456206512451171875e+01
1.498166656494140625e+02
1.296847991943359375e+02
2.841496582031250000e+02
2.348169250488281250e+02
2.083654479980468750e+02
1.266229400634765625e+02
1.177747497558593750e+02
1.298836517333984375e+02
9.456879425048828125e+01
1.482704925537109375e+02
1.039003524780273438e+02
3.671784667968750000e+02
6.469020996093750000e+02
2.734467773437500000e+02
1.913250885009765625e+02
7.762805175781250000e+01
4.983702087402343750e+02
1.922257690429687500e+02
1.189371795654296875e+02
9.305539703369140625e+01
1.131843338012695312e+02
2.552000885009765625e+02
1.372116088867187500e+02
1.723522033691406250e+02
3.142036437988281250e+02
7.542556152343750000e+02
5.509911499023437500e+02
1.485673675537109375e+02
4.573238525390625000e+02
1.765739593505859375e+02
2.365194244384765625e+02
1.092286071777343750e+02
1.354056701660156250e+02
4.837883758544921875e+01
5.839151763916015625e+01
2.058520812988281250e+02
1.577892150878906250e+02
1.489203643798828125e+02
3.379755554199218750e+02
3.126266784667968750e+02
1.363361816406250000e+02
1.501302185058593750e+02
3.272772827148437500e+02
1.838313140869140625e+02
1.019263153076171875e+02
6.103756713867187500e+01
1.518401794433593750e+02
1.765270080566406250e+02
1.964545135498046875e+02
1.971882171630859375e+02
3.997893981933593750e+02
8.953016662597656250e+01
4.635475921630859375e+01
1.067418670654296875e+02
3.330331726074218750e+02
2.599947509765625000e+02
2.850776062011718750e+02
1.470682830810546875e+02
3.805454635620117188e+01
6.515574645996093750e+01
1.484053955078125000e+02
2.352089080810546875e+02
5.272591552734375000e+02
3.003410339355468750e+02
2.272152709960937500e+02
1.614185485839843750e+02
8.690126037597656250e+01
9.104776763916015625e+01
3.175593872070312500e+02
7.809165191650390625e+01
8.980868530273437500e+01
2.013877410888671875e+02
1.048635177612304688e+02
1.393727722167968750e+02
8.555145263671875000e+01
2.835941772460937500e+02
