1.071098327636718750e+01
-6.530163288116455078e-01
2.959338665008544922e+00
-9.919067025184631348e-01
-4.038368701934814453e+00
-2.895597696304321289e+00
-1.736281394958496094e+01
-1.659153580665588379e+00
6.657611727714538574e-01
-7.952166080474853516e+00
-1.956085801124572754e+00
-1.042219400405883789e+00
9.216327667236328125e+00
-4.490217939019203186e-02
-2.454450368881225586e+00
-4.473607540130615234e-01
5.441960692405700684e-01
-1.507371515035629272e-01
-1.207216858863830566e+00
1.856037855148315430e+00
1.082719206809997559e+00
3.157022953033447266e+00
-1.927620410919189453e+00
-1.689605331420898438e+01
-3.603528022766113281e+00
-8.329842567443847656e+00
-1.750770926475524902e+00
-2.942136049270629883e+00
-8.039935827255249023e-01
-1.375013828277587891e+01
-5.322663187980651855e-01
2.804003953933715820e+00
-2.796094417572021484e+00
-4.549459934234619141e+00
-1.001165628433227539e+00
-6.281947135925292969e+00
-6.236546039581298828e+00
-1.793616533279418945e+00
7.845864772796630859e+00
-1.355343222618103027e+00
-1.711488604545593262e+00
-1.372306060791015625e+01
9.360551834106445312e+00
-7.785640716552734375e+00
-2.189623832702636719e+00
-5.524221807718276978e-02
-1.054826736450195312e+00
-3.339012622833251953e+00
-1.540290594100952148e+00
-3.117858648300170898e+00
-1.700271606445312500e+00
-1.967159032821655273e+00
-7.519940376281738281e+00
-1.602023988962173462e-01
-2.161395549774169922e+00
-9.286672472953796387e-01
-5.322106480598449707e-01
-1.772815322875976562e+01
-1.269296050071716309e+00
-1.845592141151428223e+00
2.687092065811157227e+00
9.391551017761230469e+00
9.329646229743957520e-01
-3.550359010696411133e-01
-4.553700983524322510e-01
-1.755249500274658203e+00
-1.904129266738891602e+00
-3.701837733387947083e-02
-3.026687622070312500e+00
-1.059755921363830566e+00
6.968929171562194824e-01
-8.173618912696838379e-01
2.767703294754028320e+00
-2.046852111816406250e+00
-7.531180381774902344e-01
2.166763544082641602e+00
-1.967863202095031738e+00
2.400693178176879883e+00
-5.481166243553161621e-01
-3.524498343467712402e-01
-2.205397844314575195e+00
-3.179444313049316406e+00
-1.118011951446533203e+00
-2.007979631423950195e+00
-4.468820691108703613e-01
-9.471099823713302612e-02
-1.467653959989547729e-01
-1.427906990051269531e+00
2.611202895641326904e-01
8.326905250549316406e+00
-2.116517305374145508e+00
8.891164779663085938e+00
1.196021437644958496e+00
-9.787561416625976562e+00
-2.046891927719116211e+00
-1.677429914474487305e+00
-9.998739242553710938e+00
-9.079877138137817383e-01
-3.724609375000000000e+00
4.609694778919219971e-01
-3.575757741928100586e+00
-1.455515146255493164e+00
-1.205710053443908691e+00
-2.119092226028442383e+00
-4.246142804622650146e-01
-6.185784339904785156e-01
9.283940196037292480e-01
-1.136639237403869629e+00
-5.517667531967163086e-01
-5.238875389099121094e+00
-1.000103592872619629e+00
-2.124735116958618164e+00
-3.170003890991210938e+00
-4.949142932891845703e-01
9.836686134338378906e+00
-1.901501893997192383e+00
-3.938178122043609619e-01
-9.100226759910583496e-01
-4.287861585617065430e-01
-6.023052334785461426e-01
1.145729255676269531e+01
4.643803089857101440e-02
-1.922129631042480469e+00
-7.247237563133239746e-01
-1.848435997962951660e+00
8.150625824928283691e-01
-4.702896118164062500e+00
-1.659838557243347168e-01
