3.128390693664550781e+01
4.252577590942382812e+01
2.214921951293945312e+01
1.316434860229492188e+01
2.735676765441894531e+01
4.146254730224609375e+01
4.386729812622070312e+01
3.664391326904296875e+01
3.221608734130859375e+01
7.224523925781250000e+01
5.907180023193359375e+01
2.592918777465820312e+01
2.442149162292480469e+01
5.822666549682617188e+01
4.704364013671875000e+01
3.064434623718261719e+01
3.395544052124023438e+01
4.002608489990234375e+01
1.446609973907470703e+01
1.178724384307861328e+01
5.976239013671875000e+01
2.193648719787597656e+01
8.224385070800781250e+01
3.299951791763305664e+00
6.163882446289062500e+01
4.659335708618164062e+01
5.344892883300781250e+01
5.015926742553710938e+01
2.523431587219238281e+01
2.563556671142578125e+01
8.080505371093750000e+00
5.029322433471679688e+01
4.374470138549804688e+01
2.000564765930175781e+01
5.431705093383789062e+01
8.045432281494140625e+01
1.086770725250244141e+01
2.473182678222656250e+01
5.210814285278320312e+01
4.021401214599609375e+01
6.230521774291992188e+01
2.790516662597656250e+01
2.216921997070312500e+01
5.285523986816406250e+01
3.155989074707031250e+01
3.306785202026367188e+01
5.934752273559570312e+01
2.560933494567871094e+01
2.924780464172363281e+01
1.944679641723632812e+01
2.072838783264160156e+01
2.736150550842285156e+01
1.195094394683837891e+01
6.959226989746093750e+01
5.852339935302734375e+01
2.670113372802734375e+01
1.614248847961425781e+01
2.289704513549804688e+01
7.348399353027343750e+01
2.350505828857421875e+01
5.406966781616210938e+01
5.728549194335937500e+01
2.466110038757324219e+01
7.283139038085937500e+01
