3.857978820800781250e+00
6.065711975097656250e+00
-3.793764114379882812e+00
-1.215315341949462891e+00
-7.651064991950988770e-01
5.739810943603515625e+00
3.655633687973022461e+00
-3.479244470596313477e+00
1.728534579277038574e+00
2.180842682719230652e-02
-5.667746067047119141e-01
-1.902139067649841309e+00
7.273522615432739258e-01
9.590115547180175781e+00
-1.814621806144714355e+00
-3.343312978744506836e+00
-4.378081321716308594e+00
-7.035264015197753906e+00
5.046028614044189453e+00
7.676807045936584473e-01
4.053574204444885254e-01
2.912996053695678711e+00
5.375119209289550781e+00
-5.640988826751708984e+00
1.951027989387512207e+00
1.589378714561462402e+00
3.542212963104248047e+00
-5.947670459747314453e+00
2.213290452957153320e+00
4.878045558929443359e+00
-2.265912532806396484e+00
7.986025214195251465e-01
-6.969139099121093750e+00
-8.852226138114929199e-01
-6.309091567993164062e+00
-1.566733837127685547e+00
3.575641155242919922e+00
3.353123664855957031e+00
2.900991678237915039e+00
-5.382886409759521484e+00
3.730964183807373047e+00
-2.862529754638671875e+00
-4.223676204681396484e+00
-7.301165103912353516e+00
-1.726758480072021484e-01
5.095595359802246094e+00
3.918733835220336914e+00
-6.326660633087158203e+00
7.229742050170898438e+00
-2.046503305435180664e+00
2.403487682342529297e+00
-6.485103815793991089e-02
1.007291698455810547e+01
8.456278800964355469e+00
-3.834589719772338867e+00
4.771215915679931641e-01
-2.493165969848632812e+00
7.130745649337768555e-01
2.295540571212768555e+00
-4.649194717407226562e+00
-1.510064482688903809e+00
-7.276620864868164062e+00
3.792255163192749023e+00
-5.361461639404296875e+00
8.608205795288085938e+00
5.892020225524902344e+00
-3.223312616348266602e+00
-2.749477386474609375e+00
-3.761832788586616516e-02
3.254531383514404297e+00
1.237867951393127441e+00
-4.532768249511718750e+00
-6.214189529418945312e+00
3.930122375488281250e+00
-1.098807907104492188e+01
7.987222194671630859e+00
2.620266914367675781e+00
-1.892402291297912598e+00
1.055780529975891113e+00
4.569747447967529297e+00
1.158600091934204102e+00
6.312893867492675781e+00
1.044565868377685547e+01
-6.956146717071533203e+00
5.414830207824707031e+00
5.879025936126708984e+00
-4.075025558471679688e+00
-3.955729007720947266e+00
5.464392185211181641e+00
-3.093964099884033203e+00
1.906479358673095703e+00
-6.917044520378112793e-01
-1.680045366287231445e+00
-6.849632263183593750e+00
-8.149695396423339844e+00
1.672779321670532227e-01
-5.543005466461181641e-01
-1.288351058959960938e+01
1.540298342704772949e+00
-5.923026084899902344e+00
-2.514914512634277344e+00
-5.178387761116027832e-01
1.967354416847229004e+00
-3.870056867599487305e+00
-1.963621377944946289e+00
-2.528977155685424805e+00
8.324842453002929688e+00
9.918042182922363281e+00
-5.301825046539306641e+00
-2.944664478302001953e+00
2.567525506019592285e-01
8.813552856445312500e+00
-1.104067039489746094e+01
2.193578332662582397e-01
-5.073248386383056641e+00
2.370489120483398438e+00
-8.123107552528381348e-01
5.428189277648925781e+00
4.144466876983642578e+00
3.922890663146972656e+00
7.448248863220214844e+00
-1.556497931480407715e+00
-4.015966892242431641e+00
1.293541193008422852e+00
-3.701482295989990234e+00
4.526117324829101562e+00
9.559597969055175781e+00
-3.147433757781982422e+00
-1.785656452178955078e+00
-1.713589310646057129e+00
8.400231003761291504e-01
1.292562294006347656e+01
-3.875611305236816406e+00
2.065694808959960938e+00
4.461564540863037109e+00
-2.383728027343750000e+00
2.427122592926025391e+00
-7.912752151489257812e+00
2.462968111038208008e+00
-1.612713575363159180e+00
4.768047332763671875e+00
5.007272362709045410e-01
3.857563734054565430e+00
-4.923750460147857666e-01
-4.860703468322753906e+00
-6.555638313293457031e+00
2.427589178085327148e+00
-8.369894027709960938e+00
-9.206510186195373535e-01
-1.596396207809448242e+00
-2.342279195785522461e+00
2.277433156967163086e+00
-6.219007968902587891e+00
8.258081674575805664e-01
3.528347969055175781e+00
-1.842891812324523926e+00
-9.964157342910766602e-01
-1.482143163681030273e+00
1.440961360931396484e+00
7.346358150243759155e-02
7.401987314224243164e-01
6.215162277221679688e+00
9.676905632019042969e+00
-4.913272857666015625e+00
3.589498519897460938e+00
7.419298887252807617e-01
-1.538046151399612427e-01
4.764029502868652344e+00
-6.669301986694335938e+00
3.700747251510620117e+00
-3.312978029251098633e+00
3.799700975418090820e+00
7.996915817260742188e+00
-1.259959220886230469e+00
-6.226654648780822754e-01
-3.970657825469970703e+00
3.660819768905639648e+00
1.101892113685607910e+00
4.111600875854492188e+00
1.877543568611145020e+00
2.853091061115264893e-01
7.038085937500000000e+00
4.153533458709716797e+00
1.947274059057235718e-01
3.460738420486450195e+00
-4.828285217285156250e+00
3.921137154102325439e-01
-5.322437763214111328e+00
-1.351588845252990723e+00
-6.574792385101318359e+00
9.807202219963073730e-01
1.028701114654541016e+01
1.075603485107421875e+00
2.871676445007324219e+00
-1.729550242424011230e+00
-1.029834151268005371e+00
9.729486107826232910e-01
6.173297405242919922e+00
-6.739139556884765625e+00
5.716045856475830078e+00
1.159970641136169434e+00
-4.207543849945068359e+00
1.961119174957275391e+00
5.778430461883544922e+00
-3.797567844390869141e+00
-1.080603790283203125e+01
3.026188611984252930e+00
1.889107823371887207e+00
-4.198586463928222656e+00
-1.031275749206542969e+00
1.721249699592590332e+00
-4.819483280181884766e+00
3.025881528854370117e+00
-1.220546007156372070e+00
-2.709899187088012695e+00
3.480592250823974609e+00
7.673129439353942871e-02
-2.077311515808105469e+00
-3.440364122390747070e+00
1.376114463806152344e+01
9.871919155120849609e-01
4.534176349639892578e+00
4.039412975311279297e+00
-1.208417606353759766e+01
-4.681962966918945312e+00
6.606715202331542969e+00
8.354537010192871094e+00
5.080003261566162109e+00
-1.411784553527832031e+01
5.834800243377685547e+00
4.503204524517059326e-01
2.145045042037963867e+00
2.268991768360137939e-01
1.717381626367568970e-01
-1.973997116088867188e+00
2.358393818140029907e-01
-1.643679261207580566e+00
-2.739597558975219727e-01
-2.976950168609619141e+00
-6.985469818115234375e+00
-1.695007324218750000e+00
2.548265218734741211e+00
-3.178443014621734619e-01
-1.574378013610839844e+00
4.736588001251220703e+00
3.636132240295410156e+00
2.353594541549682617e+00
-1.112584829330444336e+00
2.027416706085205078e+00
6.320179462432861328e+00
-2.761786699295043945e+00
1.843886613845825195e+00
-1.583583474159240723e+00
4.416986942291259766e+00
-1.791596412658691406e-01
-4.084901332855224609e+00
