-1.561471819877624512e-01
-2.859375476837158203e+00
5.615609169006347656e+00
-4.489632606506347656e+00
7.892272472381591797e+00
-7.489481925964355469e+00
-6.311391592025756836e-01
-7.849473953247070312e-01
-2.148319721221923828e+00
-3.970810174942016602e+00
3.200716495513916016e+00
2.460762023925781250e+00
-9.183897972106933594e-01
-7.100476741790771484e+00
6.167022228240966797e+00
1.064720511436462402e+00
-1.496336698532104492e+00
-3.688048362731933594e+00
-2.535512149333953857e-01
-2.349244832992553711e+00
-3.561505556106567383e+00
1.147019863128662109e-02
1.961229133605957031e+01
1.717826461791992188e+01
-2.974282741546630859e+00
-2.990270406007766724e-02
-3.543318271636962891e+00
1.433999836444854736e-01
-2.402520418167114258e+00
-2.271215438842773438e+00
-2.317978858947753906e+00
-4.503988265991210938e+00
1.023001313209533691e+00
6.260068893432617188e+00
5.623327255249023438e+00
3.269337654113769531e+00
1.428245544433593750e+01
9.797939300537109375e+00
-2.370196104049682617e+00
9.271121025085449219e+00
1.426759123802185059e+00
-2.206814050674438477e+00
-7.108713388442993164e-01
-3.884581804275512695e+00
-6.115328073501586914e-01
2.185400485992431641e+00
-5.888428688049316406e+00
-5.250567913055419922e+00
2.623502314090728760e-01
6.164691925048828125e+00
1.396515178680419922e+01
-9.042339920997619629e-01
-6.034390449523925781e+00
-2.821744680404663086e+00
-1.406266570091247559e+00
-1.309159994125366211e+00
-5.510901451110839844e+00
-7.364950180053710938e+00
8.717550277709960938e+00
-8.405648171901702881e-02
-1.190895438194274902e+00
-8.829712867736816406e-01
5.838816165924072266e-01
-1.526036977767944336e+00
-9.168610572814941406e-01
-9.162616729736328125e+00
-3.353012323379516602e+00
-5.085501670837402344e+00
-2.105789631605148315e-01
-2.924458026885986328e+00
4.006733894348144531e+00
-9.106063842773437500e+00
-1.140108489990234375e+01
1.543270349502563477e+00
-5.045947551727294922e+00
-6.153665542602539062e+00
-2.494775533676147461e+00
6.270137786865234375e+00
-1.465377092361450195e+00
2.351325511932373047e+00
-2.454844236373901367e+00
6.808467864990234375e+00
-3.354043960571289062e+00
4.225018978118896484e+00
-7.952670454978942871e-01
-2.720228433609008789e+00
2.069743394851684570e+00
3.682031393051147461e+00
1.302920341491699219e+01
-2.024596691131591797e+00
4.454402923583984375e-01
-4.128382205963134766e+00
-1.726385116577148438e+00
-9.289740562438964844e+00
7.446945667266845703e+00
7.188126087188720703e+00
4.397540092468261719e+00
1.012333750724792480e+00
-6.763734817504882812e+00
1.302888989448547363e+00
-9.037054061889648438e+00
-4.781081676483154297e+00
3.359341382980346680e+00
2.742760896682739258e+00
-2.923943996429443359e+00
-2.516033351421356201e-01
-4.070420861244201660e-01
6.963554859161376953e+00
-9.181773662567138672e-01
1.628406524658203125e+00
-9.661841988563537598e-01
-5.282057285308837891e+00
-4.647505760192871094e+00
-9.319247007369995117e-01
-1.888040351867675781e+01
-5.196548938751220703e+00
-1.015073871612548828e+01
1.776809573173522949e+00
-6.692524909973144531e+00
-1.329499602317810059e+00
3.690603733062744141e+00
-1.871340036392211914e+00
-1.726588964462280273e+00
-5.303959369659423828e+00
2.792464971542358398e+00
-1.056055545806884766e+00
3.579820394515991211e+00
-2.765415191650390625e+00
1.078383684158325195e+00
1.488191366195678711e+00
-1.618420958518981934e+00
5.916592478752136230e-01
4.519826889038085938e+00
2.209427833557128906e+00
5.142641544342041016e+00
4.445559084415435791e-01
-2.164424896240234375e+00
-1.953283190727233887e+00
5.730937719345092773e-01
1.992769479751586914e+00
-9.086473584175109863e-01
-9.735023975372314453e-01
-3.205283641815185547e+00
-5.538331508636474609e+00
2.482624292373657227e+00
1.588205099105834961e+00
-5.336656093597412109e+00
2.584862411022186279e-01
1.611288070678710938e+00
7.382557392120361328e+00
6.293435096740722656e+00
-1.365941762924194336e+00
-8.962721228599548340e-01
-8.682418614625930786e-02
3.242668867111206055e+00
7.301086187362670898e-01
-5.900051116943359375e+00
-7.678054332733154297e+00
-2.523726463317871094e+00
-3.877362728118896484e+00
-3.622109651565551758e+00
3.086162328720092773e+00
-4.868665337562561035e-01
-4.265675544738769531e+00
-3.059357166290283203e+00
1.816031634807586670e-01
-2.118442535400390625e+00
-1.336836099624633789e+00
1.005019903182983398e+00
-9.896826148033142090e-01
5.022798776626586914e-01
3.523781061172485352e+00
-6.574439048767089844e+00
1.405550837516784668e+00
-5.049337863922119141e+00
1.070397198200225830e-01
5.048337459564208984e+00
4.200858116149902344e+00
8.761689186096191406e+00
-1.556762456893920898e+00
-3.298257887363433838e-01
-2.740448713302612305e-01
-1.472453022003173828e+01
-1.845219135284423828e+00
-7.677508831024169922e+00
5.138424634933471680e-01
7.744168639183044434e-01
-2.305070400238037109e+00
-4.961697578430175781e+00
9.937375187873840332e-01
-1.439295053482055664e+00
-2.158131450414657593e-02
-1.118978381156921387e+00
-1.196409296244382858e-02
1.294667959213256836e+00
4.961770057678222656e+00
1.886111259460449219e+00
-1.083266735076904297e+00
6.888788223266601562e+00
1.242926239967346191e+00
1.914158058166503906e+01
1.745373845100402832e+00
1.061603260040283203e+01
-1.977175593376159668e+00
-9.656090289354324341e-03
-5.757292747497558594e+00
-6.055498719215393066e-01
7.423954606056213379e-01
2.951965093612670898e+00
1.118988871574401855e+00
-5.074632167816162109e+00
8.500164985656738281e+00
5.021209716796875000e+00
1.455777525901794434e+00
-9.935068130493164062e+00
-1.401395678520202637e+00
3.297750949859619141e+00
-1.235110163688659668e-01
4.916703701019287109e+00
5.368018746376037598e-01
8.275188446044921875e+00
-6.116671085357666016e+00
4.281839430332183838e-01
2.864920854568481445e+00
7.721342444419860840e-01
-7.542627334594726562e+00
-7.095100402832031250e+00
2.969141721725463867e+00
6.776218891143798828e+00
-2.982618331909179688e+00
-3.823187112808227539e+00
-4.139851570129394531e+00
1.352649211883544922e+00
-4.320446014404296875e+00
-3.070798873901367188e+00
1.585834121704101562e+01
-2.897257089614868164e+00
-2.550040483474731445e+00
-3.032290697097778320e+00
-5.966000556945800781e+00
-1.071245670318603516e+00
-1.569412946701049805e+00
-2.504381418228149414e+00
-3.109521150588989258e+00
2.723671674728393555e+00
2.457867145538330078e+00
-6.251173615455627441e-01
4.005846381187438965e-01
-1.363747268915176392e-01
-1.985342860221862793e+00
-2.347775220870971680e+00
-6.953471183776855469e+00
-2.611501455307006836e+00
-6.642889499664306641e+00
-6.746179580688476562e+00
-1.496306061744689941e+00
