-2.699361443519592285e-01
-4.226229488849639893e-01
-3.941380679607391357e-01
-3.573895692825317383e-01
-5.683787465095520020e-01
-1.200209707021713257e-01
-5.933496356010437012e-01
-2.053157240152359009e-01
-4.700996577739715576e-01
-4.695747196674346924e-01
-2.756310403347015381e-01
-6.551017165184020996e-01
-4.769401550292968750e-01
-2.658773362636566162e-01
-4.117397367954254150e-01
-5.627263784408569336e-01
-3.962080776691436768e-01
-2.212356626987457275e-01
-6.121911406517028809e-01
-3.708783388137817383e-01
-9.630793929100036621e-01
-2.066983133554458618e-01
-4.631300270557403564e-01
-7.371912002563476562e-01
-1.135484457015991211e+00
-5.332452654838562012e-01
-3.561315536499023438e-01
-4.968595802783966064e-01
-4.843624532222747803e-01
-6.849632263183593750e-01
-5.718207359313964844e-01
-4.469984471797943115e-01
-2.979214489459991455e-01
-6.115494966506958008e-01
-3.555250763893127441e-01
-4.958178699016571045e-01
-5.234814882278442383e-01
-5.210095643997192383e-01
-3.729670345783233643e-01
-3.004604876041412354e-01
-8.244481086730957031e-01
-2.577531337738037109e-01
-5.152466893196105957e-01
-5.447476506233215332e-01
-2.458738386631011963e-01
-4.031718075275421143e-01
-2.620522379875183105e-01
-5.109440088272094727e-01
-3.647382259368896484e-01
-8.580923080444335938e-01
-5.515252351760864258e-01
-5.407920479774475098e-01
-1.931454390287399292e-01
-3.708550631999969482e-01
-8.194766938686370850e-02
-5.780826807022094727e-01
-6.714788675308227539e-01
-4.646760225296020508e-01
-4.695813953876495361e-01
-3.743217289447784424e-01
-9.456203877925872803e-02
-5.858794450759887695e-01
-5.818282365798950195e-01
-3.328621685504913330e-01
