4.545732021331787109e+00
4.147179126739501953e+00
2.381716012954711914e+00
4.529600620269775391e+00
5.336349487304687500e+00
7.343597888946533203e+00
4.948040962219238281e+00
6.872302532196044922e+00
-5.373787403106689453e+00
-5.324788093566894531e-01
3.906892776489257812e+00
3.490365982055664062e+00
3.203649520874023438e+00
-4.322769165039062500e+00
9.224617958068847656e+00
2.061711311340332031e+00
-8.502111434936523438e-01
4.423632144927978516e+00
1.278358817100524902e+00
1.027211427688598633e+00
4.299236297607421875e+00
1.423047542572021484e+00
-4.004160404205322266e+00
-1.398607939481735229e-01
-9.247762680053710938e+00
-8.993130683898925781e+00
5.406368255615234375e+00
2.366717606782913208e-01
-3.529385805130004883e+00
-1.447225689888000488e+00
-5.527175426483154297e+00
9.931634068489074707e-01
-1.398235702514648438e+01
1.796007871627807617e+00
-6.202404499053955078e-01
-7.135364532470703125e+00
4.915407180786132812e+00
5.033507347106933594e+00
-5.243220329284667969e+00
-7.536862492561340332e-01
-3.485887527465820312e+00
3.721745252609252930e+00
-1.587142109870910645e+00
3.471895933151245117e+00
6.064030647277832031e+00
1.590435862541198730e+00
-5.098510980606079102e-01
2.720030546188354492e+00
6.260677337646484375e+00
-2.977000236511230469e+00
1.156642627716064453e+01
-2.523622274398803711e+00
4.193921566009521484e+00
-4.624596595764160156e+00
-2.088993072509765625e+00
2.620972633361816406e+00
-6.725945949554443359e+00
-3.308419287204742432e-01
-1.762380957603454590e+00
-1.014050722122192383e+00
-1.725214123725891113e+00
4.659221649169921875e+00
2.649164676666259766e+00
4.446113705635070801e-01
-1.137984871864318848e+00
4.198173046112060547e+00
-5.032153129577636719e+00
-2.772694826126098633e+00
-7.166609168052673340e-01
-2.288511037826538086e+00
6.459044665098190308e-02
-8.355411529541015625e+00
7.041220068931579590e-01
8.945394515991210938e+00
-5.243690490722656250e+00
-3.180729866027832031e+00
1.643316030502319336e+00
1.493925809860229492e+00
-2.961908578872680664e+00
-1.697609186172485352e+00
-2.857086181640625000e+00
2.098231315612792969e+00
3.561558485031127930e+00
-2.125404596328735352e+00
-1.605050086975097656e+00
2.156835079193115234e+00
3.847545862197875977e+00
-1.237326049804687500e+01
4.881078720092773438e+00
-7.337156534194946289e-01
-2.935417890548706055e+00
5.086059570312500000e+00
4.578645706176757812e+00
-4.934734821319580078e+00
-9.090392589569091797e-01
6.510096788406372070e-01
-3.980731964111328125e+00
-5.051409006118774414e-01
-1.142648220062255859e+00
6.072462081909179688e+00
1.678246617317199707e+00
1.290987968444824219e+00
-1.503139376640319824e+00
-5.660841464996337891e-01
-3.657056808471679688e+00
1.773427844047546387e+00
-3.243009567260742188e+00
-3.860110044479370117e+00
-9.704241156578063965e-02
-3.437795639038085938e+00
-1.475639343261718750e+00
-2.421924114227294922e+00
6.508316397666931152e-01
-4.662611007690429688e+00
-2.581259489059448242e+00
4.873609542846679688e+00
-9.169820785522460938e+00
-3.814901113510131836e+00
-9.186106324195861816e-01
6.073251247406005859e+00
2.047565460205078125e+00
-2.684725522994995117e-01
1.835058927536010742e+00
3.012494325637817383e+00
-4.842246532440185547e+00
5.310590267181396484e+00
1.390735626220703125e+00
2.059192061424255371e-01
-6.354652881622314453e+00
2.744396448135375977e+00
4.889270305633544922e+00
5.661271572113037109e+00
5.553663253784179688e+00
-2.768121719360351562e+00
4.197260439395904541e-01
-1.202489948272705078e+01
1.209525299072265625e+01
2.113636732101440430e+00
1.345146536827087402e+00
2.526417493820190430e+00
3.558545589447021484e+00
4.403743267059326172e+00
-1.365281677246093750e+01
4.986474812030792236e-01
1.189636135101318359e+01
-4.491252422332763672e+00
3.854780912399291992e+00
-7.332566738128662109e+00
1.064211273193359375e+01
-4.245308399200439453e+00
3.453816652297973633e+00
-2.053771495819091797e+00
4.542990207672119141e+00
1.234491467475891113e+00
-4.924952387809753418e-01
6.231441497802734375e+00
-6.199288368225097656e+00
5.794590950012207031e+00
-8.333440780639648438e+00
-1.459765911102294922e+00
1.946185350418090820e+00
1.779370665550231934e+00
1.102162718772888184e+00
5.365217208862304688e+00
-1.448550128936767578e+01
1.572709798812866211e+00
1.371310949325561523e+00
-1.740481495857238770e+00
2.956116758286952972e-02
-8.035439491271972656e+00
3.065247774124145508e+00
-5.338340282440185547e+00
5.799325704574584961e-01
-6.894893646240234375e+00
-5.443969726562500000e+00
2.634865522384643555e+00
-7.126475811004638672e+00
-2.600178003311157227e+00
2.522244930267333984e+00
9.189385414123535156e+00
-2.755326032638549805e+00
1.454981088638305664e+00
7.915640354156494141e+00
1.297803306579589844e+01
-2.573432207107543945e+00
-6.125640392303466797e+00
8.233090400695800781e+00
1.112003803253173828e+01
6.646550178527832031e+00
-2.695628404617309570e+00
4.786216735839843750e+00
8.605002164840698242e-01
-3.211378335952758789e+00
6.938620567321777344e+00
-1.152161478996276855e+00
-4.504334926605224609e+00
-1.098521590232849121e+00
6.562629699707031250e+00
-5.175533771514892578e+00
-3.889244556427001953e+00
-2.896994352340698242e-01
2.549716234207153320e+00
3.078123807907104492e+00
-1.053934693336486816e+00
1.402959227561950684e+00
-6.871892929077148438e+00
6.311072349548339844e+00
-1.730251610279083252e-01
-1.438760876655578613e+00
1.283446025848388672e+01
6.228901147842407227e-01
-3.856103658676147461e+00
8.368511795997619629e-01
5.417575359344482422e+00
1.782857537269592285e+00
-8.174830436706542969e+00
-4.795065879821777344e+00
-3.280943334102630615e-01
-4.166027069091796875e+00
2.246836662292480469e+00
1.700184494256973267e-01
-2.306081056594848633e+00
1.410679817199707031e+00
5.207822322845458984e-01
-4.587430000305175781e+00
6.636805534362792969e+00
-5.070485115051269531e+00
-9.403215408325195312e+00
-3.036641836166381836e+00
-1.812972873449325562e-01
1.003864097595214844e+01
4.129595160484313965e-01
-4.783727645874023438e+00
7.366517543792724609e+00
5.055588722229003906e+00
5.053461551666259766e+00
-3.289305686950683594e+00
3.837202310562133789e+00
2.219088315963745117e+00
-2.527953684329986572e-01
-4.339607238769531250e+00
-7.118802547454833984e+00
2.192307949066162109e+00
4.140429496765136719e+00
-3.957433223724365234e+00
2.228121757507324219e+00
5.324172973632812500e+00
5.833689570426940918e-01
-7.089189291000366211e-01
6.527750492095947266e+00
-1.266491293907165527e+00
-1.339594841003417969e+00
1.699321627616882324e+00
-2.284049034118652344e+00
5.053978919982910156e+00
8.986441493034362793e-01
