5.888642120361328125e+01
4.273244380950927734e+00
2.847345161437988281e+01
4.843247604370117188e+01
1.191644096374511719e+01
1.873016357421875000e+01
2.209445800781250000e+02
8.697478294372558594e+00
6.679077911376953125e+01
2.857577514648437500e+01
5.219527721405029297e+00
5.597665309906005859e+00
2.897410202026367188e+01
5.922448635101318359e+00
2.102955818176269531e+01
3.909719228744506836e+00
9.686592102050781250e+00
7.126100540161132812e+00
7.417140960693359375e+01
2.912871170043945312e+01
5.638484573364257812e+01
4.470220947265625000e+01
1.760410308837890625e+01
2.359365997314453125e+02
1.371688270568847656e+01
4.209461593627929688e+01
5.539209365844726562e+00
2.097159004211425781e+01
5.706700134277343750e+01
1.708634643554687500e+02
4.312606811523437500e+00
2.876533126831054688e+01
2.184042739868164062e+01
6.355716323852539062e+01
3.952698898315429688e+01
7.804713439941406250e+01
1.918451881408691406e+01
1.019931221008300781e+01
2.761085510253906250e+01
6.625369548797607422e+00
1.122945213317871094e+01
1.662788391113281250e+02
5.328768157958984375e+01
6.958792114257812500e+01
3.111582946777343750e+01
6.708917617797851562e+00
7.465854644775390625e+00
2.934907913208007812e+01
2.494007682800292969e+01
9.016781806945800781e+00
2.265536689758300781e+01
4.022927093505859375e+01
6.592445373535156250e+01
2.497832489013671875e+01
1.733626747131347656e+01
6.978661417961120605e-01
2.124477148056030273e+00
2.342023773193359375e+02
1.345290660858154297e+01
2.653313064575195312e+01
1.682803726196289062e+01
3.919861221313476562e+01
7.012714385986328125e+01
3.284517669677734375e+01
2.375620841979980469e+00
1.493868255615234375e+01
6.824719238281250000e+01
2.734595870971679688e+01
6.770487213134765625e+01
3.145970821380615234e+00
2.238921928405761719e+01
1.083814239501953125e+01
3.268896102905273438e+01
1.970529365539550781e+01
3.874584960937500000e+01
2.755686378479003906e+01
6.660440826416015625e+01
6.539208221435546875e+01
2.610367012023925781e+01
2.430249214172363281e+00
5.174767971038818359e+00
2.047561645507812500e+01
7.467003822326660156e+00
1.179435634613037109e+01
1.276715564727783203e+01
1.993543624877929688e+01
4.031531906127929688e+01
4.468037605285644531e+00
4.550386905670166016e+00
3.586536788940429688e+01
1.993012237548828125e+01
4.443038177490234375e+01
1.434192848205566406e+01
3.578015899658203125e+01
9.943638801574707031e+00
1.151465988159179688e+01
4.267805862426757812e+01
7.581620025634765625e+01
4.012279891967773438e+01
7.185894966125488281e+00
9.230770111083984375e+00
1.124516391754150391e+01
6.537063598632812500e+00
1.329204368591308594e+01
5.955364227294921875e+01
1.483881092071533203e+01
6.955037593841552734e+00
3.609875869750976562e+01
2.301549530029296875e+01
4.821260452270507812e+01
3.747594833374023438e+00
1.408747768402099609e+01
1.278166484832763672e+01
5.987522125244140625e+00
3.609255599975585938e+01
1.998171997070312500e+01
5.296292781829833984e+00
7.844976043701171875e+01
5.687213420867919922e+00
2.741222858428955078e+00
4.241549301147460938e+01
7.110245704650878906e+00
8.111721801757812500e+01
5.732648849487304688e+00
2.936521530151367188e+01
4.277913665771484375e+01
4.948340606689453125e+01
2.885729217529296875e+01
