-1.764102745056152344e+01
4.206444168090820312e+01
3.346748733520507812e+01
-3.541640472412109375e+01
-3.204774093627929688e+01
1.238186836242675781e+01
-1.969984054565429688e+01
-1.122580146789550781e+01
2.088715171813964844e+01
4.902399063110351562e+00
6.185103416442871094e+00
9.082084298133850098e-01
-2.246321487426757812e+01
5.954827785491943359e+00
-1.951321220397949219e+01
2.538582801818847656e+01
2.592152595520019531e+00
-5.581796169281005859e+00
6.150746822357177734e+00
2.232938766479492188e+01
-1.841425514221191406e+01
-9.805995941162109375e+00
-8.388223648071289062e+00
1.119752883911132812e+01
2.347595024108886719e+01
2.898126411437988281e+01
1.922755432128906250e+01
-1.506164646148681641e+01
-3.088027238845825195e+00
9.699366092681884766e-01
4.407608985900878906e+00
-1.630949401855468750e+01
1.554659748077392578e+01
-1.990260696411132812e+01
2.381554222106933594e+01
3.105078887939453125e+01
2.627877235412597656e+01
1.168016529083251953e+01
-4.198864936828613281e+00
7.771854400634765625e+00
-4.349697589874267578e+00
1.293053817749023438e+01
7.428223609924316406e+00
2.332694435119628906e+01
-3.107590675354003906e+01
-2.585914802551269531e+01
1.495763659477233887e+00
2.454209327697753906e+01
-4.710152149200439453e+00
4.258252143859863281e+00
1.752899289131164551e+00
1.742126846313476562e+01
6.902656078338623047e+00
-1.407834887504577637e+00
3.124383091926574707e-01
-5.463483810424804688e+00
2.057390213012695312e+01
2.260784149169921875e+00
-3.320965194702148438e+01
-2.962366294860839844e+01
6.952678203582763672e+00
1.084071540832519531e+01
-3.016389083862304688e+01
-6.894006729125976562e+00
-1.644259572029113770e+00
3.005559539794921875e+01
9.298105239868164062e+00
-1.674765205383300781e+01
-2.227743721008300781e+01
-1.621029090881347656e+01
1.624347305297851562e+01
-9.978297233581542969e+00
7.846024036407470703e+00
-2.335671806335449219e+01
-1.936026096343994141e+00
2.390302467346191406e+01
-1.962714195251464844e+01
1.823338508605957031e+01
-9.894752502441406250e-01
-1.256942844390869141e+01
-2.208277940750122070e+00
1.144676971435546875e+01
-8.781176567077636719e+00
1.269598007202148438e+01
2.281458663940429688e+01
-6.777224063873291016e+00
1.396351242065429688e+01
-2.285698890686035156e+00
-1.394679737091064453e+01
-1.484688949584960938e+01
3.201604080200195312e+01
-1.404160022735595703e+01
2.208111381530761719e+01
8.614182472229003906e+00
-1.727399444580078125e+01
4.142986679077148438e+01
8.292059898376464844e+00
3.309613418579101562e+01
-3.298002624511718750e+01
-5.794156074523925781e+00
-8.013476371765136719e+00
1.321454715728759766e+01
5.303411483764648438e+00
4.217897415161132812e+00
1.273557090759277344e+01
1.147925376892089844e+01
2.345270347595214844e+01
2.824246978759765625e+01
5.633074760437011719e+00
1.881135559082031250e+01
-2.571418190002441406e+01
-2.522693634033203125e+01
-9.568636894226074219e+00
2.259385108947753906e+01
-4.091865062713623047e+00
1.290984630584716797e+01
2.187819480895996094e+01
-1.016586208343505859e+01
2.641054725646972656e+01
-2.071896362304687500e+01
-2.221072196960449219e+01
-2.934752702713012695e+00
2.230486869812011719e+00
-9.121701240539550781e+00
2.882582902908325195e+00
-2.091999435424804688e+01
1.798562240600585938e+01
-1.293792057037353516e+01
-2.651531982421875000e+01
3.183980941772460938e+01
-5.240120410919189453e+00
1.508885002136230469e+01
-1.272397518157958984e+01
2.386404800415039062e+01
3.826165199279785156e+00
-8.641482353210449219e+00
-1.078635311126708984e+01
3.013470649719238281e+01
3.147996330261230469e+01
-1.885843086242675781e+01
2.638475608825683594e+01
-2.844225168228149414e+00
-3.018582534790039062e+01
2.635837936401367188e+01
-1.823535346984863281e+01
-3.168867683410644531e+01
-2.991564941406250000e+01
1.322983741760253906e+01
4.788723373413085938e+01
-2.692369079589843750e+01
-4.952963352203369141e+00
-2.720532417297363281e+01
1.622914695739746094e+01
1.867234039306640625e+01
-1.257504940032958984e+01
-8.976148605346679688e+00
-3.351081609725952148e+00
-4.293188095092773438e+00
-8.204703330993652344e+00
-1.427436923980712891e+01
1.900492310523986816e+00
-1.349193668365478516e+01
1.866884803771972656e+01
2.612682342529296875e+01
1.326502227783203125e+01
6.774320602416992188e+00
-4.048093318939208984e+00
2.162173843383789062e+01
1.723591041564941406e+01
-2.259196281433105469e+01
-2.364781188964843750e+01
-2.671881914138793945e+00
4.092986583709716797e+00
-2.579734611511230469e+01
1.022368240356445312e+01
9.198997497558593750e+00
7.255108356475830078e+00
4.534883975982666016e+00
-1.098669815063476562e+01
1.359517383575439453e+01
-3.601412582397460938e+01
1.145261669158935547e+01
-7.128995418548583984e+00
-1.859498023986816406e+01
-2.679902839660644531e+01
1.711319732666015625e+01
1.836193466186523438e+01
-1.144704627990722656e+01
-3.335759735107421875e+01
5.183202266693115234e+00
-6.533187389373779297e+00
-2.313206100463867188e+01
-1.990538024902343750e+01
-3.892369842529296875e+01
-3.294343566894531250e+01
2.504320907592773438e+01
-9.947538375854492188e+00
6.710395336151123047e+00
2.188982391357421875e+01
-6.504631042480468750e+00
8.258406639099121094e+00
-1.129781055450439453e+01
-3.074181365966796875e+01
2.371864128112792969e+01
1.673478126525878906e+00
-1.704738616943359375e+01
1.667532539367675781e+01
1.861863136291503906e+01
-2.198621368408203125e+01
-2.482195854187011719e+01
-1.466912174224853516e+01
1.294921016693115234e+01
-3.456116199493408203e+00
6.354761600494384766e+00
2.108188056945800781e+01
1.255100536346435547e+01
2.279841232299804688e+01
-2.756286859512329102e+00
-2.187679290771484375e+01
1.860986328125000000e+01
-1.408074092864990234e+01
4.880639553070068359e+00
3.048110902309417725e-01
-1.418612957000732422e+01
-1.985847663879394531e+01
-1.900814056396484375e+01
-3.853691101074218750e+01
1.079077053070068359e+01
2.586410522460937500e+01
1.666098976135253906e+01
2.545895004272460938e+01
-4.705196857452392578e+00
1.188949871063232422e+01
-1.193779754638671875e+01
-3.945201492309570312e+01
-2.189626693725585938e+01
2.183633422851562500e+01
2.063827323913574219e+01
-2.128366088867187500e+01
1.052435278892517090e+00
8.413636088371276855e-01
1.221054553985595703e+01
-1.244062423706054688e+01
-2.347846603393554688e+01
1.897262001037597656e+01
3.677882766723632812e+01
1.065730857849121094e+01
2.387593269348144531e+00
-2.438724708557128906e+01
6.909428596496582031e+00
7.454416275024414062e+00
-5.608170032501220703e+00
-3.987403106689453125e+01
8.448577880859375000e+00
1.630897521972656250e+01
-3.869668197631835938e+01
