4.833566284179687500e+02
3.785822753906250000e+02
6.535202026367187500e+02
1.180096679687500000e+03
8.178792724609375000e+02
1.301405334472656250e+02
2.654419860839843750e+02
6.813629760742187500e+02
8.766231079101562500e+02
2.335956726074218750e+02
8.455394287109375000e+02
2.990536499023437500e+02
6.988724365234375000e+02
1.395883846282958984e+01
1.988756408691406250e+02
8.980413818359375000e+02
9.641110229492187500e+01
9.387431335449218750e+01
6.445447998046875000e+02
5.820371093750000000e+02
1.016672134399414062e+02
7.037410888671875000e+02
3.393367919921875000e+02
6.040515136718750000e+02
5.273275146484375000e+02
1.560113983154296875e+02
4.511149902343750000e+02
1.167213623046875000e+03
7.138732299804687500e+02
4.069635620117187500e+02
7.509940795898437500e+02
1.541927032470703125e+02
2.097323608398437500e+02
7.024778442382812500e+02
5.981913452148437500e+02
4.070969238281250000e+02
2.699099121093750000e+02
7.916819458007812500e+02
2.016563842773437500e+03
6.426567382812500000e+02
3.449860839843750000e+02
3.084519958496093750e+02
2.880052795410156250e+02
2.768685607910156250e+02
1.972966308593750000e+02
1.407343292236328125e+02
2.032737350463867188e+01
1.701192382812500000e+03
8.546363525390625000e+02
4.893808898925781250e+02
6.989418945312500000e+02
2.492005615234375000e+02
2.723627014160156250e+02
6.942897949218750000e+02
2.976396789550781250e+02
2.549683380126953125e+02
2.356264343261718750e+02
2.147099456787109375e+02
4.273603515625000000e+02
7.301275634765625000e+02
4.332943725585937500e+02
4.250005187988281250e+02
6.595273437500000000e+02
9.502233276367187500e+02
1.624526123046875000e+03
6.589281005859375000e+02
1.877930755615234375e+02
7.448227539062500000e+02
5.365781860351562500e+02
4.962663879394531250e+02
2.694384460449218750e+02
2.247136230468750000e+02
8.054457855224609375e+01
4.528668518066406250e+02
2.534619522094726562e+01
1.194068222045898438e+02
2.632009277343750000e+02
4.228617248535156250e+02
5.063587646484375000e+02
4.803690185546875000e+02
1.954475708007812500e+03
1.554509124755859375e+02
6.285398559570312500e+02
2.950114746093750000e+02
3.674755249023437500e+02
4.123036193847656250e+02
3.757056579589843750e+02
3.066238403320312500e+02
1.040184326171875000e+03
7.432299804687500000e+02
5.775232543945312500e+02
2.771755371093750000e+02
2.269097595214843750e+02
2.639688110351562500e+02
5.993560791015625000e+02
6.121041870117187500e+02
6.138074340820312500e+02
7.014646606445312500e+02
3.326663208007812500e+02
1.381665405273437500e+03
6.036674804687500000e+02
4.498131408691406250e+02
2.550964202880859375e+02
1.475854873657226562e+01
5.259372558593750000e+02
2.677986145019531250e+01
5.775615234375000000e+02
8.621838989257812500e+02
3.844549865722656250e+02
4.776891479492187500e+02
9.497628784179687500e+02
5.247368774414062500e+02
2.469187774658203125e+02
3.183738708496093750e+02
1.204948425292968750e+02
1.131469604492187500e+03
4.325030212402343750e+02
7.151539916992187500e+02
5.536987304687500000e+02
2.968299560546875000e+02
9.504786987304687500e+02
6.087189941406250000e+02
7.238673706054687500e+02
3.585911865234375000e+02
3.039398498535156250e+02
4.394137573242187500e+02
3.393249206542968750e+02
1.131946182250976562e+02
8.958087768554687500e+02
8.335368041992187500e+02
1.893148651123046875e+02
5.490187377929687500e+02
5.232181396484375000e+02
1.374374237060546875e+02
7.485228881835937500e+02
8.188400878906250000e+02
3.421940917968750000e+02
1.546244812011718750e+02
5.990718994140625000e+02
5.708889770507812500e+02
2.749082946777343750e+02
2.115797424316406250e+02
1.855507354736328125e+02
9.689953002929687500e+02
5.884885864257812500e+02
1.677613677978515625e+02
5.525501708984375000e+02
1.732535858154296875e+02
5.066152343750000000e+02
6.397694091796875000e+02
1.951782989501953125e+02
2.859452514648437500e+02
1.252233886718750000e+02
1.725336914062500000e+02
3.720445861816406250e+02
5.507313232421875000e+02
2.137014617919921875e+02
2.018688201904296875e+02
3.814646606445312500e+02
2.268581237792968750e+02
5.409509887695312500e+02
5.202927856445312500e+02
5.404228515625000000e+02
3.851964721679687500e+02
3.741944580078125000e+02
3.028244628906250000e+02
3.988439636230468750e+02
2.461153411865234375e+02
6.139094848632812500e+02
7.982285766601562500e+02
3.247294921875000000e+02
2.005492401123046875e+02
3.046311645507812500e+02
4.452165527343750000e+02
1.665134887695312500e+02
5.536722412109375000e+02
1.009521789550781250e+02
1.129212188720703125e+02
1.043192016601562500e+03
5.151250610351562500e+02
5.769837646484375000e+02
5.067395629882812500e+02
1.073384277343750000e+03
5.653676757812500000e+02
6.991170043945312500e+02
5.070309448242187500e+02
4.839967651367187500e+02
4.690457458496093750e+02
3.119047241210937500e+02
1.106172103881835938e+02
2.180039062500000000e+02
9.866665039062500000e+02
1.214218627929687500e+03
6.450835571289062500e+02
6.220502929687500000e+02
2.395830535888671875e+02
6.492832641601562500e+02
8.849983520507812500e+02
5.643977661132812500e+02
2.843447875976562500e+02
7.484515380859375000e+02
1.302327514648437500e+03
2.897142333984375000e+02
2.573204650878906250e+02
5.519694824218750000e+02
2.341072265625000000e+03
6.987502441406250000e+02
4.627359924316406250e+02
7.670989990234375000e+02
3.995104980468750000e+02
8.849168701171875000e+02
5.534273681640625000e+02
7.487522583007812500e+02
2.432735061645507812e+01
3.139370422363281250e+02
8.136129760742187500e+01
4.351349792480468750e+02
5.975562744140625000e+02
1.262847412109375000e+03
1.111635864257812500e+03
3.849363098144531250e+02
3.952030944824218750e+02
7.122922973632812500e+02
4.896396484375000000e+02
1.667227935791015625e+02
2.704570312500000000e+02
5.919918823242187500e+02
5.163090820312500000e+02
7.681461791992187500e+02
5.628726196289062500e+02
7.627167968750000000e+02
1.350407714843750000e+02
7.616745758056640625e+01
4.938750305175781250e+02
2.482550048828125000e+02
7.006535644531250000e+02
1.336299682617187500e+03
3.664663085937500000e+02
1.737092132568359375e+02
3.220271606445312500e+02
4.461257019042968750e+02
1.977594299316406250e+02
1.880264892578125000e+03
1.010805541992187500e+03
6.947380371093750000e+02
9.102668457031250000e+02
1.825338287353515625e+02
6.542033691406250000e+02
7.294260253906250000e+02
2.378502807617187500e+02
6.333665771484375000e+02
2.519122161865234375e+02
4.338176574707031250e+02
3.018754577636718750e+02
5.022505187988281250e+02
3.415939941406250000e+02
