5.183811035156250000e+02
5.536566162109375000e+01
4.691775207519531250e+02
1.559460144042968750e+02
1.821044311523437500e+03
2.229502716064453125e+02
7.719743041992187500e+02
4.231127014160156250e+02
1.163644653320312500e+03
3.387141113281250000e+02
3.184096984863281250e+02
3.309034118652343750e+02
5.030071411132812500e+02
6.657900390625000000e+02
8.700319824218750000e+02
7.079445190429687500e+02
1.600192749023437500e+03
3.226517333984375000e+02
5.684509277343750000e+02
6.218739624023437500e+02
3.136870361328125000e+03
1.990297546386718750e+02
5.237277221679687500e+02
3.994421691894531250e+02
6.982084350585937500e+02
4.480793457031250000e+02
2.135864105224609375e+02
1.091959106445312500e+03
1.693533477783203125e+02
2.857844238281250000e+02
2.109430175781250000e+03
7.053545532226562500e+02
2.657386779785156250e+02
1.421314086914062500e+03
7.929838256835937500e+02
3.561806945800781250e+02
4.237621459960937500e+02
2.262574218750000000e+03
3.261979248046875000e+03
1.992775421142578125e+02
5.352993774414062500e+02
1.788496948242187500e+03
6.062401733398437500e+02
1.162669982910156250e+02
8.115029907226562500e+02
8.218499755859375000e+02
1.731087036132812500e+02
1.239928131103515625e+02
4.236977539062500000e+02
6.960073242187500000e+02
2.661273193359375000e+02
3.222560424804687500e+02
1.288045654296875000e+03
2.894253540039062500e+02
3.988538818359375000e+02
4.639724426269531250e+02
1.027137985229492188e+02
5.862934570312500000e+02
5.844102172851562500e+02
5.934766235351562500e+02
2.069625701904296875e+02
3.174307617187500000e+03
2.506026611328125000e+02
6.680487060546875000e+02
2.426821136474609375e+02
7.112869262695312500e+02
8.931175231933593750e+01
3.725483642578125000e+03
4.237090148925781250e+02
6.100003051757812500e+02
1.078553344726562500e+03
7.805098876953125000e+02
1.174689331054687500e+03
2.348945465087890625e+02
1.098229293823242188e+02
2.532330627441406250e+02
2.575033874511718750e+02
3.051331787109375000e+03
2.257388305664062500e+02
5.557408447265625000e+02
8.891249389648437500e+02
6.147050170898437500e+02
4.818706054687500000e+02
4.651612548828125000e+02
1.500029907226562500e+03
2.267060302734375000e+03
2.576244384765625000e+03
4.118036499023437500e+02
4.124918212890625000e+02
1.286153808593750000e+03
1.040394363403320312e+02
3.472218750000000000e+03
8.390580444335937500e+02
1.911963043212890625e+02
2.552786132812500000e+03
1.130729003906250000e+03
3.746482238769531250e+02
2.338307128906250000e+03
8.368959350585937500e+02
1.067441528320312500e+03
1.704492492675781250e+02
2.606509704589843750e+02
2.672943359375000000e+03
3.994542236328125000e+02
1.111299072265625000e+03
3.266170043945312500e+02
3.081813964843750000e+02
1.357716979980468750e+02
6.563679809570312500e+02
1.788996276855468750e+02
1.772589569091796875e+02
1.193656494140625000e+03
1.918735504150390625e+02
2.137566223144531250e+02
2.912662597656250000e+03
8.612661743164062500e+01
2.498718261718750000e+02
2.693067626953125000e+02
2.019372558593750000e+03
7.974593505859375000e+02
3.181419372558593750e+02
1.963644561767578125e+02
4.511770629882812500e+02
3.669382324218750000e+02
1.308102539062500000e+03
2.285314208984375000e+03
2.291934661865234375e+02
1.730258789062500000e+02
4.552812194824218750e+02
2.862976806640625000e+03
1.772944641113281250e+02
6.589310302734375000e+02
4.661505737304687500e+02
1.942172363281250000e+03
6.086876831054687500e+02
1.829575805664062500e+02
2.892592041015625000e+03
8.920719146728515625e+01
2.587023925781250000e+03
2.090075927734375000e+03
8.050541381835937500e+02
2.438934020996093750e+02
2.435412841796875000e+03
5.286146240234375000e+02
6.642659301757812500e+02
4.670295104980468750e+02
1.391828369140625000e+03
2.658523437500000000e+03
1.326967926025390625e+02
2.571925659179687500e+02
5.170715942382812500e+02
1.509709106445312500e+03
1.348909606933593750e+02
4.220578002929687500e+02
1.349291076660156250e+02
3.762846374511718750e+02
4.469579162597656250e+02
4.668682556152343750e+02
6.833354492187500000e+02
1.480171508789062500e+03
6.683093872070312500e+02
1.893202758789062500e+03
3.469306640625000000e+03
1.721905517578125000e+02
1.025496520996093750e+02
4.334630737304687500e+02
1.227539916992187500e+03
8.181397705078125000e+02
3.311294860839843750e+02
3.429212890625000000e+03
3.265470886230468750e+02
5.927002563476562500e+02
7.714354858398437500e+02
9.985433959960937500e+02
1.647791259765625000e+03
8.797701416015625000e+02
3.493249816894531250e+02
2.178079376220703125e+02
3.120568542480468750e+02
4.567920532226562500e+02
8.616725463867187500e+02
4.483576171875000000e+03
3.863558837890625000e+03
5.212668457031250000e+02
4.458073425292968750e+02
4.872539672851562500e+02
2.911497497558593750e+02
1.309843261718750000e+03
2.105558166503906250e+02
3.955732727050781250e+02
2.013133087158203125e+02
9.730328979492187500e+02
1.923446960449218750e+02
3.222406616210937500e+02
4.288841857910156250e+02
2.317861785888671875e+02
6.068450927734375000e+02
1.869810180664062500e+02
2.827041503906250000e+03
3.522994384765625000e+02
1.612909179687500000e+03
2.934317016601562500e+02
2.877914123535156250e+02
1.140833496093750000e+03
1.381623046875000000e+03
4.751171264648437500e+02
2.232060089111328125e+02
1.959624176025390625e+02
5.089472045898437500e+02
1.386378936767578125e+02
4.550325927734375000e+02
4.046936645507812500e+02
1.177153015136718750e+02
3.931594543457031250e+02
2.041278076171875000e+02
5.194599609375000000e+02
2.730185546875000000e+02
1.324622070312500000e+03
3.998012695312500000e+02
4.402653503417968750e+02
4.449255981445312500e+02
3.475935668945312500e+02
6.494752502441406250e+01
5.865462646484375000e+02
6.172254028320312500e+02
2.216737976074218750e+02
3.038820495605468750e+02
5.497894897460937500e+02
4.751106872558593750e+02
1.998642944335937500e+03
3.865619506835937500e+02
6.774230194091796875e+01
4.629506225585937500e+02
5.076820678710937500e+02
3.784335021972656250e+02
3.425299804687500000e+03
1.293688720703125000e+03
7.104236450195312500e+02
3.573848144531250000e+03
2.276560546875000000e+03
1.883406829833984375e+02
4.389013366699218750e+02
3.221939697265625000e+02
4.836766967773437500e+02
9.148883819580078125e+01
1.487444458007812500e+02
5.785541381835937500e+02
1.171681274414062500e+03
3.677449035644531250e+02
2.481387481689453125e+02
1.678275756835937500e+02
6.477406311035156250e+01
1.680363464355468750e+02
4.902351989746093750e+02
3.637365112304687500e+02
7.718389282226562500e+02
