-3.158224105834960938e+00
2.422577857971191406e+01
6.360975742340087891e+00
2.621577262878417969e+01
8.078083038330078125e+00
-7.702207088470458984e+00
3.602937936782836914e+00
2.517345809936523438e+01
-5.269289493560791016e+00
-3.541721105575561523e+00
-1.590834522247314453e+01
-2.755349636077880859e+00
-1.200427055358886719e+00
-2.726878039538860321e-02
-5.033428668975830078e+00
-2.512990188598632812e+01
-2.835312843322753906e+00
-2.560673713684082031e+00
-9.987232208251953125e+00
1.540199661254882812e+01
-7.478024482727050781e+00
-1.083430767059326172e+01
1.223669147491455078e+01
1.108791923522949219e+01
1.023643970489501953e+01
5.667129039764404297e+00
-8.774592399597167969e+00
1.069621181488037109e+01
3.111256361007690430e+00
-1.001086115837097168e+00
3.492530107498168945e+00
-9.219339489936828613e-02
1.210418128967285156e+01
-9.504938125610351562e+00
1.001779556274414062e+01
-6.393888473510742188e+00
-5.734100818634033203e+00
-9.750336647033691406e+00
-2.078438568115234375e+01
9.695780277252197266e-01
2.481509923934936523e+00
-2.158215284347534180e+00
7.604741096496582031e+00
5.034300804138183594e+00
8.445008277893066406e+00
2.730696678161621094e+00
1.064212918281555176e-01
2.241145515441894531e+01
4.993013858795166016e+00
-1.625943374633789062e+01
-3.584439456462860107e-01
4.283631324768066406e+00
-3.995156764984130859e+00
-2.959378242492675781e+00
-1.184537410736083984e+00
5.076320171356201172e+00
-1.606969833374023438e+00
-4.851810455322265625e+00
3.858623206615447998e-01
-8.825913429260253906e+00
-1.692394852638244629e+00
2.101545095443725586e+00
7.230823040008544922e+00
7.233841896057128906e+00
-1.994825553894042969e+01
-2.663509607315063477e+00
-6.099487304687500000e+00
-2.570871162414550781e+01
-1.632078886032104492e+00
-2.139901638031005859e+00
-6.237529590725898743e-02
9.352716803550720215e-01
-6.717756271362304688e+00
-4.989929795265197754e-01
-1.367979764938354492e+00
-1.540809512138366699e+00
-9.829928398132324219e+00
4.135304391384124756e-01
2.981249332427978516e+00
-9.560631513595581055e-01
-2.535047340393066406e+01
-7.657973468303680420e-02
-3.850586414337158203e+00
1.432828712463378906e+01
6.649972915649414062e+00
-5.184487342834472656e+00
1.675748825073242188e+01
-3.798844575881958008e+00
-7.229432582855224609e+00
5.103639125823974609e+00
1.508514690399169922e+01
-3.544451475143432617e+00
1.762499094009399414e+00
-7.595340728759765625e+00
-2.409250020980834961e+00
-7.499897003173828125e+00
-7.410805225372314453e+00
-9.594150543212890625e+00
-5.060904026031494141e+00
-6.526803493499755859e+00
-4.769933223724365234e+00
-4.749612331390380859e+00
2.285565614700317383e+00
1.297396659851074219e+00
-6.544170379638671875e+00
-1.282168149948120117e+00
2.698059797286987305e+00
2.420877695083618164e+00
-2.030976533889770508e+00
-1.124787425994873047e+01
-8.373714447021484375e+00
-3.449720621109008789e+00
-2.003395855426788330e-01
8.511882781982421875e+00
6.540699481964111328e+00
1.220120048522949219e+01
5.402907848358154297e+00
-3.390630006790161133e+00
4.735765933990478516e+00
-4.591935157775878906e+00
1.228747272491455078e+01
7.203801631927490234e+00
-1.621243476867675781e+01
-5.868185997009277344e+00
7.948100090026855469e+00
-6.217612624168395996e-01
1.100756263732910156e+01
-3.015096187591552734e+00
-1.920280265808105469e+01
-1.171448898315429688e+01
-7.095799446105957031e+00
-1.573439121246337891e+01
-9.282448768615722656e+00
-1.854359626770019531e+00
6.625608921051025391e+00
2.276645088195800781e+01
-7.359751224517822266e+00
4.136024475097656250e+00
1.565368652343750000e+01
1.153542327880859375e+01
-3.883739933371543884e-02
2.742867469787597656e+00
3.643632411956787109e+00
-1.614715576171875000e+01
-2.955041885375976562e+00
4.950213909149169922e+00
-3.147732925415039062e+01
-3.714589595794677734e+00
5.062118530273437500e+00
-1.594658732414245605e+00
3.934151887893676758e+00
3.705759763717651367e+00
1.152550697326660156e+00
-5.510313987731933594e+00
5.388205051422119141e-01
-1.571598434448242188e+01
4.950353145599365234e+00
-1.212647795677185059e+00
1.628625750541687012e+00
2.272095203399658203e+00
-4.619891047477722168e-01
-6.406759262084960938e+00
4.124236106872558594e+00
2.450105667114257812e+00
-5.358366489410400391e+00
2.530612945556640625e+00
-4.010804653167724609e+00
7.326384544372558594e+00
-1.914286231994628906e+01
1.748456764221191406e+01
1.348943805694580078e+01
7.306508541107177734e+00
-4.165414333343505859e+00
-9.807756423950195312e+00
4.430587291717529297e+00
-9.067978858947753906e+00
-1.344963073730468750e+00
9.585603475570678711e-01
2.017782402038574219e+01
2.143673181533813477e+00
1.014469528198242188e+01
7.836139678955078125e+00
1.079810976982116699e+00
6.376784324645996094e+00
-1.782302284240722656e+01
1.104737377166748047e+01
-8.610764503479003906e+00
1.261197185516357422e+01
-9.020209908485412598e-01
7.598035335540771484e+00
-1.029755020141601562e+01
1.929263305664062500e+01
-5.037788867950439453e+00
8.395747184753417969e+00
-8.693467140197753906e+00
8.189216613769531250e+00
-8.110711097717285156e+00
-4.265280246734619141e+00
-9.155455589294433594e+00
-6.378302097320556641e+00
1.142554950714111328e+01
1.329119110107421875e+01
-2.669687271118164062e+00
-7.133302211761474609e+00
-7.175381183624267578e+00
-2.226443481445312500e+01
-1.665611267089843750e+01
-6.091347694396972656e+00
1.963821172714233398e+00
-6.298182487487792969e+00
-7.612842559814453125e+00
-9.742432594299316406e+00
2.596055507659912109e+00
2.106369435787200928e-01
2.269020080566406250e+00
-1.877990722656250000e+00
2.891855001449584961e+00
-1.974787139892578125e+01
-1.668317794799804688e+01
7.390035629272460938e+00
7.430420398712158203e+00
-4.856489181518554688e+00
-1.306084632873535156e+01
-4.652138710021972656e+00
-1.063196182250976562e+00
-7.795116424560546875e+00
-7.313712120056152344e+00
1.275307893753051758e+00
8.003128051757812500e+00
3.514236688613891602e+00
-2.034888839721679688e+01
4.665210723876953125e+00
-6.150638103485107422e+00
-1.161658000946044922e+01
1.223044490814208984e+01
9.692628860473632812e+00
-1.434912109375000000e+01
1.162843227386474609e+01
5.789069652557373047e+00
3.919189929962158203e+00
-1.191274833679199219e+01
-1.657205700874328613e+00
-1.846302986145019531e+01
-8.125909805297851562e+00
1.794643998146057129e-01
1.466193389892578125e+01
-3.760669708251953125e+00
8.661963462829589844e+00
7.095008850097656250e+00
5.955713748931884766e+00
-4.868181705474853516e+00
-1.092581462860107422e+01
8.773867607116699219e+00
-1.095817804336547852e+00
-8.028837203979492188e+00
1.292491245269775391e+01
