2.697913050651550293e-01
6.897752285003662109e+00
-9.661437034606933594e+00
-4.247535228729248047e+00
-1.213380527496337891e+01
1.972682952880859375e+00
-2.028520011901855469e+01
-1.906561255455017090e+00
-1.291164875030517578e+01
4.488174438476562500e+00
5.412846565246582031e+00
6.770214557647705078e+00
1.630209541320800781e+01
-5.686935424804687500e+00
1.622659111022949219e+01
8.196406364440917969e+00
-2.543401479721069336e+00
1.039049267768859863e+00
-4.862534999847412109e+00
-3.059014081954956055e+00
-1.169169616699218750e+01
1.143582344055175781e+01
-8.196222305297851562e+00
-2.045522212982177734e+00
-4.103950977325439453e+00
-2.868351745605468750e+01
-4.705968856811523438e+00
-2.320538520812988281e+01
-1.407810688018798828e+00
-7.590319633483886719e+00
9.762167930603027344e+00
-2.324170303344726562e+01
6.783281564712524414e-01
2.409869194030761719e+00
2.362278461456298828e+00
5.835546493530273438e+00
6.862679481506347656e+00
4.396523475646972656e+00
-2.440950965881347656e+01
-1.003962516784667969e+01
-1.006069278717041016e+01
-3.943478584289550781e+00
-2.392880630493164062e+01
1.550615310668945312e+00
-7.037284374237060547e+00
-9.323395729064941406e+00
-1.532732963562011719e+00
1.062662124633789062e+00
1.975513648986816406e+01
1.132812976837158203e+01
-1.293451595306396484e+01
-1.196094512939453125e+00
1.347536802291870117e+00
-3.599052190780639648e+00
2.953684031963348389e-01
1.034162878990173340e+00
-4.752091407775878906e+00
3.915258884429931641e+00
-1.228564262390136719e+00
-8.607665300369262695e-01
-1.090162992477416992e+00
7.913022041320800781e+00
1.349385261535644531e+01
6.271051406860351562e+00
8.663117408752441406e+00
-7.861206531524658203e+00
-4.539341926574707031e+00
-7.869422912597656250e+00
-7.346150398254394531e+00
3.049552154541015625e+01
5.117023468017578125e+00
-1.213252305984497070e+00
1.754758834838867188e+00
-2.764710187911987305e+00
-7.063551902770996094e+00
-4.921904563903808594e+00
-6.350011229515075684e-01
1.718972206115722656e+01
-6.086644649505615234e+00
-9.226963520050048828e-01
-1.342238664627075195e+00
3.798573315143585205e-01
-3.511384427547454834e-01
-1.560412883758544922e+01
-6.355399608612060547e+00
1.488814735412597656e+01
1.025797843933105469e+01
-4.626740932464599609e+00
-1.742486572265625000e+01
-2.346986389160156250e+01
1.233442902565002441e+00
-1.692472076416015625e+01
-1.364685344696044922e+01
2.068521738052368164e+00
-9.120004653930664062e+00
-2.010683298110961914e+00
7.059253692626953125e+00
-1.154455852508544922e+01
-1.742650508880615234e+00
6.902453303337097168e-02
5.889127850532531738e-01
2.115802001953125000e+01
3.807466745376586914e+00
6.553602218627929688e+00
-1.598786115646362305e+00
-1.289733648300170898e+00
-9.860471487045288086e-01
-3.038161516189575195e+00
2.916670799255371094e+00
9.643624424934387207e-01
5.833137035369873047e-01
-1.719151687622070312e+01
5.008889436721801758e-01
-1.277509212493896484e+01
2.416204690933227539e+00
-5.406555175781250000e+00
7.884325981140136719e+00
1.748977470397949219e+01
-2.045040702819824219e+01
5.054060459136962891e+00
4.804139137268066406e+00
-6.492835998535156250e+00
8.172757148742675781e+00
1.093668699264526367e+00
-2.823122406005859375e+01
-1.673576164245605469e+01
2.323099851608276367e+00
-1.000748157501220703e+01
-1.730171012878417969e+01
6.752602577209472656e+00
1.708689308166503906e+01
4.979176044464111328e+00
-8.367985725402832031e+00
1.336084485054016113e+00
9.626777768135070801e-01
2.904001712799072266e+00
-8.009529113769531250e+00
1.801364541053771973e+00
-1.912097930908203125e+01
-1.767004203796386719e+01
3.223344087600708008e-01
8.694490045309066772e-02
-6.852949619293212891e+00
-5.978141784667968750e+00
7.640007972717285156e+00
-2.091575622558593750e+01
2.323005914688110352e+00
-8.945546150207519531e-01
6.717196464538574219e+00
2.117447471618652344e+01
-6.065196514129638672e+00
-7.519428253173828125e+00
-5.010880470275878906e+00
-6.923286914825439453e+00
-1.423717260360717773e+00
5.726271152496337891e+00
7.591561317443847656e+00
-2.179022026062011719e+01
1.538658714294433594e+01
-9.433455467224121094e+00
-6.933427333831787109e+00
-4.056465625762939453e+00
-1.231908512115478516e+01
-4.955956935882568359e+00
2.004425764083862305e+00
1.579418182373046875e+01
-2.387765884399414062e+00
-1.307957363128662109e+01
6.556990146636962891e+00
-1.712690544128417969e+01
-9.923048019409179688e+00
3.245706081390380859e+00
2.583917427062988281e+01
2.993071079254150391e+00
-1.140596008300781250e+01
3.495396614074707031e+00
-1.830681610107421875e+01
-4.363758563995361328e+00
-1.405246067047119141e+01
-9.503415107727050781e+00
-1.527739715576171875e+01
-8.593832015991210938e+00
9.048423767089843750e+00
4.272720813751220703e+00
1.038761234283447266e+01
7.128697395324707031e+00
-6.847708702087402344e+00
-1.760418176651000977e+00
-3.149854421615600586e+00
7.871115207672119141e+00
4.595279693603515625e+00
2.085861015319824219e+01
-2.590843915939331055e+00
-1.502488493919372559e+00
5.568399429321289062e-01
-6.616015911102294922e+00
6.869944095611572266e+00
-8.847169876098632812e+00
-2.003384590148925781e+01
-1.175967884063720703e+01
-2.490245246887207031e+01
-3.168636798858642578e+00
-1.431678962707519531e+01
9.437499642372131348e-01
1.217047452926635742e+00
-5.518769264221191406e+00
2.681084871292114258e-01
2.723187208175659180e+00
-1.594660377502441406e+01
-2.373808860778808594e+00
-2.323873901367187500e+01
-2.059146118164062500e+01
9.322815537452697754e-01
4.265024662017822266e+00
-2.686029195785522461e+00
-1.733695793151855469e+01
-7.037217617034912109e-01
1.587259769439697266e+00
8.509119033813476562e+00
2.858329772949218750e+00
1.171323204040527344e+01
1.089235186576843262e+00
-1.845230758190155029e-01
-4.188440799713134766e+00
-9.059178352355957031e+00
-4.435162067413330078e+00
1.135301971435546875e+01
4.572490692138671875e+00
1.230533123016357422e+01
-1.318906426429748535e+00
-4.464826583862304688e+00
5.824073314666748047e+00
6.118655204772949219e-01
1.057920074462890625e+01
-3.368433952331542969e+00
-1.649384689331054688e+01
-1.720711326599121094e+01
-8.499187827110290527e-01
-9.456360816955566406e+00
-6.424189567565917969e+00
1.897048115730285645e+00
1.342806696891784668e+00
1.371009200811386108e-01
2.880645275115966797e+00
-2.665134668350219727e+00
-3.263305664062500000e+00
-1.370114445686340332e+00
4.320506572723388672e+00
-9.498087882995605469e+00
7.491060256958007812e+00
-5.466345310211181641e+00
4.583609580993652344e+00
-5.958704471588134766e+00
-1.162213325500488281e+01
4.608996868133544922e+00
1.079773616790771484e+01
