-2.330156713724136353e-01
1.847205543518066406e+01
9.581758379936218262e-01
2.385403060913085938e+01
6.842465400695800781e+00
-1.054450750350952148e+00
1.740257591009140015e-01
-2.399322700500488281e+01
-4.867164134979248047e+00
2.016386032104492188e+00
-2.189276695251464844e+01
5.512751340866088867e-01
3.701616764068603516e+00
-1.686243891716003418e+00
7.661409974098205566e-01
2.095039939880371094e+01
1.658718109130859375e+00
9.598605334758758545e-02
-2.401618480682373047e+00
6.090687751770019531e+00
6.392816305160522461e-01
3.193640947341918945e+00
4.361533522605895996e-01
6.803125858306884766e+00
7.112997055053710938e+00
1.069575119018554688e+01
5.459651947021484375e+00
-1.188398376107215881e-01
-3.196222543716430664e+00
1.295932531356811523e-01
1.477941989898681641e+00
-2.074306756258010864e-01
5.803640842437744141e+00
-1.188529396057128906e+01
2.703059673309326172e+00
-5.079148769378662109e+00
5.708135128021240234e+00
2.055204582214355469e+01
-2.419443130493164062e+01
-3.023482322692871094e+00
5.207255840301513672e+00
-4.113103866577148438e+00
-3.904711961746215820e+00
-9.300820231437683105e-01
-2.734653234481811523e+00
-6.946882605552673340e-02
1.401442475616931915e-02
-1.935699844360351562e+01
1.776899576187133789e+00
7.492861270904541016e+00
8.593225479125976562e-01
2.699607610702514648e-01
-8.061823844909667969e-01
-2.026125907897949219e+00
9.851676940917968750e+00
-4.750149548053741455e-01
-5.488179922103881836e-01
-2.341408252716064453e+00
9.719557166099548340e-01
-1.074797344207763672e+01
9.142794013023376465e-01
3.964293599128723145e-01
3.471396565437316895e-01
2.168853044509887695e+00
-2.340512466430664062e+01
-3.119843959808349609e+00
1.026970267295837402e+00
1.477830410003662109e+01
1.119116321206092834e-01
-4.318516254425048828e+00
-1.532419443130493164e+00
-5.891190171241760254e-01
-4.492196559906005859e+00
-1.011513099074363708e-01
6.026378273963928223e-01
-2.224827766418457031e+00
-1.329264760017395020e+00
-4.329105854034423828e+00
-1.639423370361328125e+00
-3.476565122604370117e+00
2.733038330078125000e+01
-1.037153482437133789e+00
-5.463008880615234375e-01
9.717669486999511719e-01
1.935612916946411133e+00
8.660938143730163574e-01
-2.039465904235839844e+00
2.578004360198974609e+00
-7.640989303588867188e+00
5.735962390899658203e+00
-1.307044029235839844e+01
-1.597441911697387695e+00
2.481205701828002930e+00
-1.091182470321655273e+00
1.120015501976013184e+00
-1.838499259948730469e+01
6.041688919067382812e+00
6.386221885681152344e+00
-1.796847581863403320e+00
-1.675101280212402344e+01
1.406719446182250977e+00
-1.524880647659301758e+00
1.947180747985839844e+00
-3.998624384403228760e-01
-3.596121311187744141e+00
-2.788918972015380859e+00
2.103199958801269531e+00
1.464198827743530273e-01
-1.459301590919494629e+00
-5.244197368621826172e+00
-3.298240900039672852e+00
1.143247723579406738e+00
2.398283034563064575e-01
-4.093308925628662109e+00
4.059012413024902344e+00
2.245127296447753906e+01
4.704769134521484375e+00
6.864297986030578613e-01
-4.258748054504394531e+00
-1.209680557250976562e+00
8.102749824523925781e+00
-4.043666839599609375e+00
2.439383983612060547e+00
-1.889453887939453125e+00
9.680662304162979126e-02
-2.678913831710815430e+00
6.469371318817138672e-01
-1.291943669319152832e+00
-2.732304191589355469e+01
4.516571998596191406e+00
2.623977661132812500e+00
-7.882587909698486328e+00
4.339680194854736328e+00
4.245823383331298828e+00
-4.749596118927001953e+00
-2.014420318603515625e+01
-7.765506953001022339e-02
3.139477491378784180e+00
-3.295643091201782227e+00
-2.317786931991577148e+00
-3.262057065963745117e+00
-3.148609399795532227e-01
6.672759056091308594e-01
-1.218243026733398438e+01
-5.548606514930725098e-01
1.009568929672241211e+00
1.386831378936767578e+01
1.482465490698814392e-02
1.239080810546875000e+01
1.372414588928222656e+01
2.126735925674438477e+00
1.151053524017333984e+01
-8.437837362289428711e-01
6.754487037658691406e+00
-4.883327484130859375e+00
4.160302162170410156e+00
3.544734001159667969e+00
3.046921491622924805e-01
2.102915793657302856e-01
2.070499658584594727e+00
-3.685549497604370117e+00
-7.897891044616699219e+00
1.501317858695983887e+00
-5.463928222656250000e+00
6.664871573448181152e-01
-3.244429588317871094e+00
-2.010295629501342773e+00
9.048492312431335449e-01
1.181753635406494141e+01
1.217496871948242188e+01
1.366275310516357422e+00
-9.481666088104248047e-01
-6.774869918823242188e+00
-3.406330823898315430e+00
3.075202107429504395e-01
7.810487151145935059e-01
-2.503636837005615234e+00
-6.643972396850585938e-01
2.072240829467773438e+01
-5.812448024749755859e+00
-5.539379596710205078e+00
-9.769966006278991699e-01
-4.562807559967041016e+00
7.368344068527221680e-01
1.729024124145507812e+01
-3.160793066024780273e+00
2.074479818344116211e+00
2.282106876373291016e+00
2.974476337432861328e+00
-2.128187656402587891e+00
1.742562890052795410e+00
1.724699211120605469e+01
2.018141984939575195e+00
-9.566693902015686035e-01
-3.716516792774200439e-01
-3.422555446624755859e+00
-9.966271400451660156e+00
1.705749154090881348e+00
6.672026157379150391e+00
9.937481284141540527e-01
6.357050895690917969e+00
-1.443352580070495605e+00
-3.584671974182128906e+00
1.343194484710693359e+00
-1.518148183822631836e+00
2.576360130310058594e+01
1.579852199554443359e+01
-2.387239694595336914e+00
8.434790372848510742e-01
-2.622967481613159180e+00
-7.631030559539794922e+00
9.994331598281860352e-01
-5.345727801322937012e-01
1.504810333251953125e+00
-6.473585367202758789e-01
-2.548787355422973633e+00
3.159651517868041992e+00
-2.346593666076660156e+01
-2.211063003540039062e+01
-4.617899894714355469e+00
3.214711666107177734e+00
2.936765193939208984e+00
1.943104171752929688e+01
-1.783560991287231445e+00
-9.554107189178466797e-01
-3.246588468551635742e+00
-4.107638835906982422e+00
1.440619850158691406e+01
3.557604551315307617e+00
4.441030502319335938e+00
2.275535774230957031e+01
-4.123307466506958008e-01
1.458718895912170410e+00
-4.557831287384033203e+00
7.150179147720336914e-01
-1.891775012016296387e+00
-1.548955440521240234e+01
8.821072578430175781e+00
1.086884260177612305e+00
-3.279494285583496094e+00
1.849533915519714355e+00
7.505656480789184570e-01
-2.352641487121582031e+01
1.080937480926513672e+01
-1.782585740089416504e+00
-6.775419712066650391e+00
4.875193834304809570e-01
-1.280485153198242188e+00
9.877876043319702148e-01
1.366735696792602539e+00
-2.939279377460479736e-01
2.019724845886230469e+00
1.219762897491455078e+01
-1.435357379913330078e+01
6.366244792938232422e+00
-1.363901235163211823e-02
