1.031833419799804688e+02
3.024650268554687500e+02
1.587682189941406250e+02
4.971702575683593750e+02
1.866739196777343750e+02
3.798420715332031250e+02
1.177754760742187500e+03
2.215258331298828125e+02
1.080951766967773438e+02
2.710134887695312500e+02
3.591268920898437500e+02
1.113972091674804688e+02
1.941929077148437500e+03
9.426528167724609375e+01
2.348386993408203125e+02
1.438299102783203125e+02
1.521397399902343750e+02
8.817110595703125000e+02
2.592023620605468750e+02
2.151421630859375000e+03
2.720311279296875000e+02
2.603778686523437500e+02
1.595051727294921875e+02
5.926035766601562500e+02
5.702218627929687500e+02
1.457724914550781250e+02
2.076548156738281250e+02
1.984067626953125000e+03
4.067238769531250000e+02
1.062941284179687500e+03
2.075174713134765625e+02
1.115472412109375000e+03
1.255662597656250000e+03
2.635269165039062500e+02
1.226772384643554688e+02
5.052671203613281250e+02
1.080975952148437500e+03
3.622495422363281250e+02
2.079437500000000000e+03
9.129921264648437500e+02
3.312665710449218750e+02
1.256229476928710938e+02
1.394368743896484375e+02
2.710578002929687500e+02
1.507172088623046875e+02
9.998645782470703125e+01
1.453575134277343750e+02
2.744709777832031250e+02
8.059397583007812500e+02
1.590765686035156250e+02
6.998335571289062500e+02
2.941115417480468750e+02
1.363912963867187500e+02
1.008463363647460938e+02
9.710244750976562500e+01
2.880521545410156250e+02
2.287970581054687500e+02
8.896527099609375000e+01
4.055131225585937500e+02
1.148394775390625000e+03
1.137617568969726562e+02
4.122167663574218750e+02
3.018781005859375000e+03
9.140378570556640625e+01
1.767131805419921875e+02
1.720839721679687500e+03
1.619777099609375000e+03
1.279546508789062500e+02
3.707392578125000000e+02
7.529508209228515625e+01
4.872438964843750000e+02
1.596729888916015625e+02
8.798840942382812500e+02
1.098156738281250000e+03
2.498929687500000000e+03
1.937300567626953125e+02
1.133910156250000000e+03
4.892590942382812500e+02
4.310887756347656250e+02
4.223608703613281250e+02
2.294522399902343750e+02
7.943097534179687500e+02
4.304850463867187500e+02
4.188632812500000000e+02
7.890263366699218750e+01
4.569406433105468750e+02
1.438042907714843750e+02
1.367626800537109375e+02
3.101408996582031250e+02
1.713824462890625000e+02
6.557088012695312500e+02
1.600064392089843750e+02
1.079757385253906250e+02
3.656704711914062500e+02
1.449716491699218750e+02
2.358379669189453125e+02
1.033692626953125000e+02
4.316231384277343750e+02
1.957842254638671875e+02
4.178275756835937500e+02
9.454114532470703125e+01
3.496687011718750000e+02
1.523948669433593750e+02
1.624923583984375000e+03
1.289081573486328125e+02
2.214925231933593750e+02
5.202272949218750000e+02
2.219220581054687500e+02
1.177330856323242188e+02
1.097890548706054688e+02
5.834381103515625000e+02
3.775859375000000000e+02
2.347631378173828125e+02
1.749911376953125000e+03
1.093951950073242188e+02
5.047263183593750000e+02
5.288239135742187500e+02
6.405650634765625000e+02
5.774042968750000000e+02
6.536525268554687500e+02
2.799826049804687500e+02
1.813940734863281250e+02
4.044715270996093750e+02
2.061910552978515625e+02
9.871572875976562500e+02
9.649700164794921875e+01
1.206854476928710938e+02
1.210090713500976562e+02
2.867523193359375000e+02
7.448486938476562500e+02
1.330132293701171875e+02
5.747838745117187500e+02
1.030563507080078125e+02
1.571128417968750000e+03
5.464584960937500000e+02
1.048013305664062500e+03
1.033086669921875000e+03
3.007075500488281250e+02
1.022625793457031250e+03
7.411350097656250000e+02
1.373708801269531250e+02
3.563556823730468750e+02
2.052272186279296875e+02
1.072691162109375000e+03
8.046405029296875000e+02
1.637551269531250000e+02
7.867403564453125000e+02
1.586592864990234375e+02
1.300099975585937500e+03
1.530991058349609375e+02
2.221031494140625000e+03
1.038274765014648438e+02
1.113272933959960938e+02
2.411101531982421875e+02
3.849967346191406250e+02
1.288598144531250000e+03
8.621274414062500000e+02
9.928227539062500000e+02
8.972770996093750000e+02
2.874518310546875000e+03
1.235000244140625000e+03
6.603471069335937500e+02
1.635061187744140625e+02
1.471867431640625000e+03
1.316700805664062500e+03
1.808501098632812500e+03
1.416985015869140625e+02
1.013398284912109375e+02
4.775696411132812500e+02
9.185690917968750000e+02
9.697126770019531250e+01
7.687240600585937500e+02
5.600381469726562500e+02
1.003981506347656250e+03
9.947347412109375000e+02
2.179596405029296875e+02
2.506345062255859375e+02
8.208725585937500000e+02
4.991955871582031250e+02
7.407686157226562500e+02
1.060589981079101562e+02
5.506935424804687500e+02
4.301820983886718750e+02
4.803896789550781250e+02
1.916789093017578125e+02
8.844950866699218750e+01
2.236284179687500000e+03
1.368551757812500000e+03
1.637924957275390625e+02
9.369907379150390625e+01
2.806462402343750000e+02
7.596603393554687500e+02
2.064695739746093750e+02
2.670803833007812500e+02
1.531110382080078125e+02
2.343594512939453125e+02
1.650434722900390625e+02
2.403864135742187500e+02
9.489264526367187500e+02
1.202093261718750000e+03
1.446030273437500000e+02
1.906364746093750000e+02
9.456542968750000000e+01
2.663114318847656250e+02
1.332259368896484375e+02
9.816080932617187500e+02
2.871615295410156250e+02
1.769019012451171875e+02
1.191242599487304688e+02
2.087496337890625000e+03
1.397843750000000000e+03
1.471251220703125000e+02
1.412150878906250000e+03
2.993130187988281250e+02
2.558325439453125000e+03
4.120433959960937500e+02
1.136951446533203125e+02
1.427795288085937500e+03
2.182160797119140625e+02
2.198475189208984375e+02
2.324751281738281250e+02
1.260568161010742188e+02
1.200832519531250000e+02
1.091150894165039062e+02
1.233721618652343750e+02
1.354847259521484375e+02
1.106293182373046875e+02
2.892155761718750000e+02
1.430210083007812500e+03
1.698878326416015625e+02
2.197360076904296875e+02
3.637119140625000000e+02
1.875894165039062500e+02
3.307186584472656250e+02
1.180516586303710938e+02
5.825357055664062500e+02
1.054773315429687500e+03
9.259371337890625000e+02
1.572741333007812500e+03
1.857567138671875000e+03
8.113385009765625000e+01
1.564756225585937500e+03
1.050433425903320312e+02
2.078279724121093750e+02
1.821918792724609375e+02
8.318378906250000000e+02
7.616047363281250000e+02
1.457836151123046875e+02
5.797836303710937500e+02
2.423502685546875000e+03
2.035145721435546875e+02
2.409531707763671875e+02
1.582345123291015625e+02
2.842577819824218750e+02
9.786711883544921875e+01
9.252835693359375000e+02
