1.377051162719726562e+01
1.458604492187500000e+03
7.718223571777343750e+01
1.977164550781250000e+03
1.337024230957031250e+02
7.479196929931640625e+01
2.205381584167480469e+01
1.842935058593750000e+03
7.963903808593750000e+01
2.812147331237792969e+01
1.518545288085937500e+03
2.323340415954589844e+01
4.291622161865234375e+01
1.480737876892089844e+01
6.569384765625000000e+01
1.491548095703125000e+03
4.273247146606445312e+01
6.548811912536621094e+00
5.682900238037109375e+01
7.369287109375000000e+01
4.093074035644531250e+01
1.931684112548828125e+02
6.997106170654296875e+01
4.961994171142578125e+01
3.652275390625000000e+02
2.094300079345703125e+02
8.182636260986328125e+01
1.371397590637207031e+01
4.217400741577148438e+01
1.110906906127929688e+02
8.509910583496093750e+01
1.243793678283691406e+01
4.084157943725585938e+01
7.040886230468750000e+02
9.574137687683105469e+00
2.585385437011718750e+02
5.785023498535156250e+01
1.125182983398437500e+03
2.422971679687500000e+03
1.342227745056152344e+01
5.430699920654296875e+01
1.148785705566406250e+02
8.908638763427734375e+01
2.665562820434570312e+01
6.489131927490234375e+01
2.504149246215820312e+01
5.068585872650146484e+00
1.649822631835937500e+03
4.175592803955078125e+01
3.704860839843750000e+02
1.293500614166259766e+01
6.130834960937500000e+01
3.135039710998535156e+01
5.205026626586914062e+01
2.261941528320312500e+02
2.940879440307617188e+01
8.180349349975585938e+00
9.537219047546386719e+00
9.430496215820312500e+01
3.225825805664062500e+02
3.388923645019531250e+01
2.440286636352539062e+01
1.798491477966308594e+01
2.587520217895507812e+01
2.338234375000000000e+03
8.270074844360351562e+00
5.741846847534179688e+01
1.186763427734375000e+03
1.103638992309570312e+02
3.340869522094726562e+01
1.235471439361572266e+01
1.162277126312255859e+01
6.021276092529296875e+01
3.290738677978515625e+01
1.551922321319580078e+01
1.058819656372070312e+02
3.511665344238281250e+01
7.716014099121093750e+01
3.115530967712402344e+01
2.961531448364257812e+01
2.433031250000000000e+03
1.836216545104980469e+01
1.105590248107910156e+01
4.434716796875000000e+01
1.063459854125976562e+02
8.116605377197265625e+01
1.803440246582031250e+02
6.006716918945312500e+01
3.891255798339843750e+02
1.564292621612548828e+01
5.675373535156250000e+02
1.187031650543212891e+01
2.736002159118652344e+01
9.224848747253417969e+00
1.465193939208984375e+01
6.165204467773437500e+02
1.319182128906250000e+02
1.991654052734375000e+02
1.933898162841796875e+01
7.733761596679687500e+02
3.682351303100585938e+01
1.004185676574707031e+01
2.178294563293457031e+01
6.182703018188476562e+00
2.864976310729980469e+01
4.080107879638671875e+01
3.880233764648437500e+01
2.640136146545410156e+01
1.888360786437988281e+01
1.701909942626953125e+02
8.604161071777343750e+01
4.121157073974609375e+01
2.771253395080566406e+01
1.452151203155517578e+01
3.377745819091796875e+01
1.017649475097656250e+03
2.765933799743652344e+01
3.448089218139648438e+01
2.839773368835449219e+01
1.458891868591308594e+01
2.893233337402343750e+02
9.937592315673828125e+01
1.931858367919921875e+02
1.456639480590820312e+01
1.223994674682617188e+02
8.811359405517578125e+00
7.772232055664062500e+01
1.623993873596191406e+01
1.782651489257812500e+03
1.166516418457031250e+02
3.732824707031250000e+01
2.954176025390625000e+02
5.145486831665039062e+01
2.656695747375488281e+01
1.875146026611328125e+02
1.541459960937500000e+03
2.715995597839355469e+01
2.612919616699218750e+01
3.203140869140625000e+02
1.432624149322509766e+01
3.909588623046875000e+01
8.056860923767089844e+00
1.196511459350585938e+01
7.387343139648437500e+02
1.237041931152343750e+02
1.126883983612060547e+01
1.461247192382812500e+03
1.748390007019042969e+01
3.890476074218750000e+02
2.573174743652343750e+02
5.206120681762695312e+01
6.083720397949218750e+01
3.004662895202636719e+01
1.012433319091796875e+02
1.589366302490234375e+02
1.782671051025390625e+02
6.033142471313476562e+01
2.128420448303222656e+01
1.913614082336425781e+01
1.736701774597167969e+01
6.476165294647216797e+00
2.055943908691406250e+02
3.514180755615234375e+01
6.560033416748046875e+01
1.574384975433349609e+01
3.653480148315429688e+01
1.368511962890625000e+02
5.379632568359375000e+01
5.494890747070312500e+02
2.704129943847656250e+02
6.646526336669921875e+01
1.980497550964355469e+01
1.129524765014648438e+02
6.507011413574218750e+01
3.134345245361328125e+01
1.523296203613281250e+02
4.363247680664062500e+01
1.661691474914550781e+01
1.568121093750000000e+03
1.434906921386718750e+02
1.261860122680664062e+02
9.364500427246093750e+01
1.493980865478515625e+02
4.355841445922851562e+01
1.003535583496093750e+03
9.410369110107421875e+01
5.014255142211914062e+01
7.566837310791015625e+01
6.020843887329101562e+01
4.988888168334960938e+01
2.975761413574218750e+01
1.201589965820312500e+03
3.015480804443359375e+01
5.675606155395507812e+01
1.186902694702148438e+02
4.971096420288085938e+01
6.901683959960937500e+02
1.106866531372070312e+02
1.322046203613281250e+02
5.485470199584960938e+01
1.803704071044921875e+01
1.381389007568359375e+02
1.577025451660156250e+02
4.859349822998046875e+01
2.153187179565429688e+01
2.248563232421875000e+03
6.980776367187500000e+02
3.347169876098632812e+01
1.229951095581054688e+01
1.875560188293457031e+01
1.482721252441406250e+02
4.905300521850585938e+01
1.669080924987792969e+01
1.334859561920166016e+01
8.090103149414062500e+01
6.139408493041992188e+01
2.705207252502441406e+01
9.706470336914062500e+02
1.561064697265625000e+03
7.141985321044921875e+01
3.638372802734375000e+01
8.153837585449218750e+01
1.174045654296875000e+03
6.895864868164062500e+01
1.677643394470214844e+01
3.247883224487304688e+01
1.357528076171875000e+02
3.900902709960937500e+02
6.608409118652343750e+01
7.900947570800781250e+01
1.680295532226562500e+03
4.210721206665039062e+01
1.799451828002929688e+01
1.916842842102050781e+01
5.440678405761718750e+01
1.085013732910156250e+02
8.094727783203125000e+02
2.658166198730468750e+02
3.505798339843750000e+01
4.973577117919921875e+01
7.778432464599609375e+01
1.024206733703613281e+01
2.189038574218750000e+03
1.147284622192382812e+02
8.804540634155273438e+00
1.181897735595703125e+02
1.098373985290527344e+01
9.524876403808593750e+01
4.301655960083007812e+01
1.748730278015136719e+01
1.145604991912841797e+01
7.052941894531250000e+01
7.895768737792968750e+01
1.142944564819335938e+02
1.552167205810546875e+02
4.869203948974609375e+01
