-7.323971271514892578e+00
2.885405123233795166e-01
-3.852177619934082031e+00
-2.388390064239501953e+00
-8.478586196899414062e+00
-1.185062170028686523e+00
8.817844390869140625e+00
4.325808957219123840e-02
-2.638894692063331604e-02
7.766770720481872559e-01
4.281127750873565674e-01
-9.520842432975769043e-01
8.973290324211120605e-01
1.252236217260360718e-01
1.786477327346801758e+00
7.117978572845458984e+00
1.817362904548645020e+00
-3.211966276168823242e+00
3.994758129119873047e+00
-2.179661035537719727e+00
4.576847076416015625e+00
3.648893594741821289e+00
2.658505678176879883e+00
-7.518108367919921875e+00
4.026757240295410156e+00
-6.125668048858642578e+00
-3.522263288497924805e+00
-3.011714667081832886e-02
1.790799260139465332e+00
-2.406078815460205078e+00
-3.035253286361694336e+00
-7.270910263061523438e+00
3.129805564880371094e+00
5.210074424743652344e+00
-5.544270038604736328e+00
7.305030345916748047e+00
-2.591120719909667969e+00
-7.545484542846679688e+00
-3.477845191955566406e+00
-1.834241986274719238e+00
-1.085088253021240234e+00
6.292056560516357422e+00
-1.106530380249023438e+01
-1.696910381317138672e+00
-2.622975826263427734e+00
-5.993232250213623047e+00
2.064323902130126953e+00
3.242150545120239258e+00
-1.061919975280761719e+01
4.797771453857421875e+00
5.246996879577636719e+00
1.563578367233276367e+00
-5.631480693817138672e+00
-1.651499271392822266e+00
3.703528404235839844e+00
3.368918299674987793e-01
-1.246119022369384766e+00
1.479153394699096680e+00
-5.495748519897460938e-01
4.684521555900573730e-01
-4.370397090911865234e+00
1.218381047248840332e+00
-4.406603336334228516e+00
-1.914283871650695801e+00
1.762615919113159180e+00
2.027372360229492188e+01
7.946996688842773438e-01
5.170396327972412109e+00
2.897455692291259766e+00
-2.625678777694702148e+00
1.665356755256652832e+00
-2.410185337066650391e+00
3.528696298599243164e+00
-1.606954216957092285e+00
8.941633224487304688e+00
-1.630147814750671387e+00
8.414702415466308594e+00
-4.887439727783203125e+00
-8.039443969726562500e+00
-1.705922186374664307e-01
-8.738657832145690918e-01
-8.585737347602844238e-01
-7.152426719665527344e+00
-1.381811022758483887e+00
2.019871234893798828e+00
-2.474056333303451538e-01
-5.342712879180908203e+00
-8.877689361572265625e+00
-7.634782791137695312e+00
-1.153915286064147949e+00
-2.699039936065673828e+00
3.641491889953613281e+00
-1.126996994018554688e+00
-7.165455818176269531e+00
6.901937484741210938e+00
-2.214320898056030273e+00
-5.623569011688232422e+00
-4.938284873962402344e+00
-3.029902935028076172e+00
1.093635201454162598e+00
-6.411885738372802734e+00
-7.545770168304443359e+00
-4.823109805583953857e-01
-2.891935825347900391e+00
-4.824667274951934814e-01
4.701257705688476562e+00
1.469231963157653809e+00
-6.364753723144531250e+00
6.668223381042480469e+00
7.564903259277343750e+00
-3.216102123260498047e+00
2.538819015026092529e-01
-3.658510446548461914e+00
-1.063816261291503906e+01
3.620247602462768555e+00
-1.498558902740478516e+01
1.834169864654541016e+00
5.629411697387695312e+00
-1.213644072413444519e-01
2.105232954025268555e+00
1.310601234436035156e+00
4.300398230552673340e-01
3.805231094360351562e+00
6.932277679443359375e+00
4.039979457855224609e+00
4.071597576141357422e+00
-9.200551509857177734e-01
1.909092783927917480e+00
7.725623846054077148e-01
-4.884055137634277344e+00
-7.110332012176513672e+00
6.595817804336547852e-01
1.039049267768859863e+00
6.407426834106445312e+00
1.098947167396545410e+00
-1.050438046455383301e+00
-3.246831297874450684e-01
-4.536814212799072266e+00
5.631663799285888672e+00
4.608971595764160156e+00
1.862048357725143433e-01
-8.981872200965881348e-01
1.390953731536865234e+01
-6.430034637451171875e+00
1.516928791999816895e+00
-6.165143966674804688e+00
3.866853713989257812e+00
-8.997954368591308594e+00
-6.594935417175292969e+00
-1.010336205363273621e-01
-4.416900157928466797e+00
-1.006838703155517578e+01
-4.370445251464843750e+00
3.215539932250976562e+00
5.983681231737136841e-02
4.795995235443115234e+00
-5.266176223754882812e+00
7.108272910118103027e-01
4.985972881317138672e+00
-1.988570809364318848e+00
3.007303476333618164e+00
6.843027114868164062e+00
4.016998767852783203e+00
4.828684806823730469e+00
2.743816375732421875e+00
6.664761900901794434e-02
1.034177970886230469e+01
-4.399593353271484375e+00
6.169545173645019531e+00
-9.592522621154785156e+00
-8.326540946960449219e+00
-3.383149385452270508e+00
1.522904157638549805e+00
3.667540788650512695e+00
4.965674877166748047e+00
-1.210534691810607910e+00
1.826447844505310059e+00
-1.357871413230895996e+00
9.836966395378112793e-01
7.108563423156738281e+00
-4.573109149932861328e-01
3.895750045776367188e+00
-2.557785272598266602e+00
-7.824760913848876953e+00
-2.027494668960571289e+00
6.234911918640136719e+00
2.420738220214843750e+00
9.009046554565429688e-01
-2.788027048110961914e+00
-3.128240823745727539e+00
3.827176809310913086e+00
7.398030281066894531e+00
9.815987199544906616e-02
1.512074708938598633e+00
3.809243679046630859e+00
-2.194938063621520996e-01
-6.471673011779785156e+00
2.247280597686767578e+00
-5.400193214416503906e+00
5.458494663238525391e+00
3.846807956695556641e+00
1.062313556671142578e+00
5.386024713516235352e-01
-7.739856719970703125e+00
-2.274604320526123047e+00
-4.044476032257080078e+00
-5.302047729492187500e+00
2.735838651657104492e+00
-5.339904502034187317e-02
-6.939532279968261719e+00
-3.734719753265380859e+00
7.670884132385253906e+00
9.060636520385742188e+00
-3.896666288375854492e+00
1.022121715545654297e+01
2.536861300468444824e-01
-3.908900737762451172e+00
4.519273042678833008e-01
4.456167519092559814e-01
3.162922263145446777e-01
4.472049713134765625e+00
4.071723937988281250e+00
-1.835195064544677734e+00
-1.327688694000244141e+00
4.072826385498046875e+00
7.429499030113220215e-01
-5.827383995056152344e+00
3.539055585861206055e+00
-4.261678695678710938e+00
5.163570880889892578e+00
2.677459478378295898e+00
-5.322223186492919922e+00
6.458247184753417969e+00
1.964018791913986206e-01
-5.099331140518188477e-01
6.004367828369140625e+00
7.544649124145507812e+00
-9.196602821350097656e+00
-2.273636341094970703e+00
-5.243005603551864624e-02
5.070214271545410156e-01
8.995826721191406250e+00
-7.078889012336730957e-02
6.708805084228515625e+00
3.698178052902221680e+00
2.013753414154052734e+00
-4.400436207652091980e-02
9.230964660644531250e+00
-5.602720007300376892e-02
-1.270684003829956055e+00
-5.509219646453857422e+00
-5.629116535186767578e+00
-1.732669830322265625e+00
1.269989371299743652e+00
5.596327185630798340e-01
-1.213652253150939941e+00
