3.227995300292968750e+02
9.291464843750000000e+02
8.648411254882812500e+02
3.458830566406250000e+03
5.184898681640625000e+02
5.006323242187500000e+02
8.496607421875000000e+03
4.267864257812500000e+03
1.097363403320312500e+03
4.321326293945312500e+02
2.034895385742187500e+03
5.254879150390625000e+02
9.103703613281250000e+02
4.604892578125000000e+02
3.179228210449218750e+02
2.891093994140625000e+03
2.094173736572265625e+02
1.432093048095703125e+02
2.849628906250000000e+02
1.975265136718750000e+03
1.358693603515625000e+03
6.556309814453125000e+02
8.706516113281250000e+02
2.947361816406250000e+03
2.766561584472656250e+02
2.545867462158203125e+02
3.306369934082031250e+02
8.322402343750000000e+03
3.800241088867187500e+02
1.412960205078125000e+03
5.289932250976562500e+02
1.143427368164062500e+03
3.526251831054687500e+02
3.162774414062500000e+03
1.608771972656250000e+02
4.780122070312500000e+03
5.839895629882812500e+02
3.222075683593750000e+03
1.271860961914062500e+03
2.437143859863281250e+02
4.343853454589843750e+02
5.474541503906250000e+03
1.684160156250000000e+02
4.770461120605468750e+02
6.460455322265625000e+02
6.035674438476562500e+02
3.070334167480468750e+02
2.812409362792968750e+02
3.963009338378906250e+02
3.326267700195312500e+02
7.405399169921875000e+02
2.354068756103515625e+02
6.460036621093750000e+02
2.518481140136718750e+02
2.212453918457031250e+02
7.759552001953125000e+02
8.081653442382812500e+02
1.694027099609375000e+03
4.398622436523437500e+02
3.148206054687500000e+03
9.480941406250000000e+03
4.103363647460937500e+02
6.785853271484375000e+02
2.556244873046875000e+03
1.600628540039062500e+03
2.792869873046875000e+02
3.866416320800781250e+02
6.501708374023437500e+02
6.794212036132812500e+02
3.423736877441406250e+02
7.831680297851562500e+02
1.759783020019531250e+02
1.410023803710937500e+03
3.337780517578125000e+03
1.726665527343750000e+03
8.369251098632812500e+02
7.388659667968750000e+02
1.528269409179687500e+03
7.591309204101562500e+02
2.881339416503906250e+02
4.939330444335937500e+02
4.978119628906250000e+03
3.081080566406250000e+03
3.506142272949218750e+02
3.404654846191406250e+02
4.188243164062500000e+03
7.950046386718750000e+02
4.242532348632812500e+02
3.364523925781250000e+02
6.705285644531250000e+02
2.429803955078125000e+03
9.099002075195312500e+02
4.427518554687500000e+03
4.000303344726562500e+02
2.912689453125000000e+03
1.048429870605468750e+02
2.785984497070312500e+02
1.815041503906250000e+02
9.923129272460937500e+01
5.395231323242187500e+02
2.547871856689453125e+02
4.329806823730468750e+02
1.466283325195312500e+03
1.375262817382812500e+03
3.662431335449218750e+02
2.310024261474609375e+02
1.347391479492187500e+03
2.738855895996093750e+02
3.953264404296875000e+03
1.169093750000000000e+03
1.798449554443359375e+02
5.419206542968750000e+03
3.768746337890625000e+02
3.217395019531250000e+02
1.456469421386718750e+02
1.174470581054687500e+03
3.658551025390625000e+02
7.923031005859375000e+02
2.451807861328125000e+02
1.116367553710937500e+03
4.891426391601562500e+02
5.440593261718750000e+03
2.871676757812500000e+03
1.233335693359375000e+03
5.322468750000000000e+03
5.070475463867187500e+02
3.245958557128906250e+02
2.419002838134765625e+02
8.415783691406250000e+02
5.016918640136718750e+02
2.375571594238281250e+02
4.605094604492187500e+02
1.509761962890625000e+02
9.034147460937500000e+03
5.501857910156250000e+03
4.680812072753906250e+02
2.548481445312500000e+03
2.652427001953125000e+03
1.969732208251953125e+02
2.341752624511718750e+02
4.193095703125000000e+02
1.137058486938476562e+02
2.320550048828125000e+03
5.703715820312500000e+02
7.597300415039062500e+02
2.904399658203125000e+03
8.149167480468750000e+02
8.544404296875000000e+02
3.968365783691406250e+02
4.019472900390625000e+03
6.479624023437500000e+03
1.658600769042968750e+02
8.588521484375000000e+03
4.489750488281250000e+03
1.637162780761718750e+02
2.331532714843750000e+03
3.974713378906250000e+03
1.048883300781250000e+03
1.865729370117187500e+02
5.257385864257812500e+02
9.665420532226562500e+01
9.752117309570312500e+02
2.130122680664062500e+02
5.091105346679687500e+02
5.963773803710937500e+02
7.342758789062500000e+02
6.187431030273437500e+02
2.589251464843750000e+03
9.095793457031250000e+02
5.162440795898437500e+02
6.711473388671875000e+02
6.072770385742187500e+02
9.895795898437500000e+02
3.446296630859375000e+03
1.247027099609375000e+03
4.717063964843750000e+03
8.880220336914062500e+02
4.376634277343750000e+03
6.613890380859375000e+02
8.902608032226562500e+02
3.262177734375000000e+02
8.711351318359375000e+02
2.225567382812500000e+03
3.373755187988281250e+02
7.054042968750000000e+03
1.281161499023437500e+02
5.420465332031250000e+03
2.569087646484375000e+03
3.565252441406250000e+03
2.765667236328125000e+03
6.348490600585937500e+02
1.294407958984375000e+03
1.085842163085937500e+03
4.336268310546875000e+02
3.273642089843750000e+03
5.166447265625000000e+03
5.090917358398437500e+02
1.504636840820312500e+03
1.760942382812500000e+03
2.159070892333984375e+02
3.257669677734375000e+03
5.800479492187500000e+03
1.539723632812500000e+03
2.185329589843750000e+03
7.082015228271484375e+01
7.521190185546875000e+02
2.355308990478515625e+02
4.491032714843750000e+02
6.837440917968750000e+03
5.511167480468750000e+03
6.234906616210937500e+02
5.360707397460937500e+02
5.425238647460937500e+02
3.853215026855468750e+02
1.684705047607421875e+02
4.216322265625000000e+03
1.549316284179687500e+03
7.355999145507812500e+02
3.240963623046875000e+03
2.829450195312500000e+03
2.379582763671875000e+03
3.430566406250000000e+02
1.052293823242187500e+03
8.152751464843750000e+02
3.396071533203125000e+03
5.976267700195312500e+02
2.970393310546875000e+03
4.924482116699218750e+02
3.447265380859375000e+03
1.317913970947265625e+02
7.166730957031250000e+03
2.990203552246093750e+02
1.260271148681640625e+02
4.549936218261718750e+02
3.559488830566406250e+02
7.864537353515625000e+02
3.942343750000000000e+02
2.547431152343750000e+03
1.419452209472656250e+02
1.667332153320312500e+02
9.415717163085937500e+02
4.775445251464843750e+02
1.372487335205078125e+02
7.915708618164062500e+02
1.383875244140625000e+03
2.716429931640625000e+03
1.743315917968750000e+03
2.246828002929687500e+02
2.478195495605468750e+02
1.849144134521484375e+02
3.257674865722656250e+02
5.059955444335937500e+02
2.524259338378906250e+02
4.440291748046875000e+02
8.510850219726562500e+02
6.882649536132812500e+02
