-6.802014827728271484e+00
-9.548024177551269531e+00
-1.205486178398132324e+00
-1.775187683105468750e+01
1.060105895996093750e+01
3.729497432708740234e+00
6.199257373809814453e+00
2.693757534027099609e+00
-1.059512972831726074e+00
-8.248485565185546875e+00
-8.196659088134765625e+00
-7.595441341400146484e+00
-1.092751789093017578e+01
9.713214635848999023e-02
1.568716716766357422e+01
3.922024488449096680e+00
-1.711263060569763184e+00
6.965987682342529297e-01
-4.555859088897705078e+00
4.449725151062011719e+00
8.031411170959472656e+00
-9.628817558288574219e+00
-4.429085254669189453e+00
2.257317352294921875e+01
6.896453380584716797e+00
4.469130992889404297e+00
2.145768356323242188e+01
1.697149467468261719e+01
-1.085363101959228516e+01
-3.876675128936767578e+00
-1.137661647796630859e+01
-1.685885810852050781e+01
2.558464050292968750e+01
-1.995547866821289062e+01
1.064462852478027344e+01
1.314557552337646484e+01
-8.735832214355468750e+00
1.259798145294189453e+01
-1.122741031646728516e+01
1.595386123657226562e+01
-1.077890300750732422e+01
4.396066665649414062e+00
-6.338216304779052734e+00
-1.347212886810302734e+01
1.962419700622558594e+01
4.191321372985839844e+00
6.205332279205322266e+00
1.725208044052124023e+00
4.487029075622558594e+00
-8.107970952987670898e-01
3.003798007965087891e+00
2.070322608947753906e+01
3.293290138244628906e+00
-5.194427013397216797e+00
1.940257453918457031e+01
4.127330303192138672e+00
1.094009354710578918e-01
-2.796229362487792969e+00
6.741613388061523438e+00
-6.889061450958251953e+00
-9.054881095886230469e+00
4.103217601776123047e+00
-4.028282642364501953e+00
-8.292427062988281250e+00
-7.797175049781799316e-01
6.474711418151855469e+00
-1.291787433624267578e+01
-1.324757218360900879e+00
1.130414104461669922e+01
-1.432957363128662109e+01
-4.309531688690185547e+00
4.848401546478271484e+00
-1.259547615051269531e+01
1.333541870117187500e+01
-2.693207263946533203e+00
-6.086707115173339844e+00
-1.956990122795104980e+00
6.450616359710693359e+00
-6.549965858459472656e+00
1.466847991943359375e+01
-7.790087223052978516e+00
-9.501311302185058594e+00
-9.639990925788879395e-01
1.692056894302368164e+00
1.487198352813720703e+00
-1.243194866180419922e+01
8.647398948669433594e+00
-8.572372436523437500e+00
2.985341310501098633e+00
1.637140846252441406e+01
1.184745407104492188e+01
-2.242675065994262695e+00
2.080562782287597656e+01
2.745949983596801758e+00
-9.933292269706726074e-01
3.854310989379882812e+00
2.032693481445312500e+01
8.543771743774414062e+00
5.982685565948486328e+00
1.620692443847656250e+01
1.223341464996337891e+01
1.971286010742187500e+01
6.685701012611389160e-02
-4.336065769195556641e+00
5.200882911682128906e+00
-8.646685481071472168e-01
2.105272293090820312e+00
-1.161262321472167969e+01
-6.744698047637939453e+00
-1.052499485015869141e+01
-9.412506103515625000e+00
1.288222408294677734e+01
-9.953277587890625000e+00
1.733549499511718750e+01
-1.734217071533203125e+01
1.286194562911987305e+00
6.627783179283142090e-01
1.411809158325195312e+01
-5.479832172393798828e+00
-6.561913967132568359e+00
-8.499699592590332031e+00
-2.955171108245849609e+00
1.171987056732177734e+01
-3.599456071853637695e+00
4.143826961517333984e+00
3.588850021362304688e+00
2.258093643188476562e+01
-4.586826860904693604e-01
-1.467032623291015625e+01
6.330965042114257812e+00
-7.379964828491210938e+00
-8.111502647399902344e+00
-1.006290054321289062e+01
1.414915943145751953e+01
-8.172791481018066406e+00
-2.376318216323852539e+00
-7.571373462677001953e+00
1.768013381958007812e+01
1.368227481842041016e+00
-1.051451110839843750e+01
-4.351553041487932205e-03
8.510134696960449219e+00
1.118616008758544922e+01
1.650159835815429688e+01
1.471501922607421875e+01
-8.469670295715332031e+00
-1.370278644561767578e+01
4.474431991577148438e+00
6.178737878799438477e-01
1.869557762145996094e+01
-2.115448951721191406e+00
7.586557388305664062e+00
3.563959598541259766e+00
1.075661373138427734e+01
1.392485523223876953e+01
-9.022609710693359375e+00
-5.183475613594055176e-01
2.103945732116699219e+00
-4.915698051452636719e+00
-5.137575149536132812e+00
-1.809352302551269531e+01
4.056421279907226562e+00
-1.124045372009277344e+01
1.043789005279541016e+01
-8.423835754394531250e+00
2.907551002502441406e+01
-1.047225666046142578e+01
-9.840253829956054688e+00
-1.049468994140625000e+01
-7.159656524658203125e+00
1.749619483947753906e+01
2.242358446121215820e+00
-1.185998439788818359e+01
-3.331855010986328125e+01
8.578054428100585938e+00
5.813851833343505859e+00
9.757412075996398926e-01
1.099917411804199219e+01
-1.235612988471984863e+00
-1.195059680938720703e+01
-7.149771213531494141e+00
8.511091232299804688e+00
-1.069742298126220703e+01
5.943521976470947266e+00
7.213157176971435547e+00
5.006707906723022461e-01
2.348254919052124023e+00
-3.859052419662475586e+00
-2.849433124065399170e-01
-3.526456832885742188e+00
-1.851107835769653320e+00
-1.171832370758056641e+01
-1.694455528259277344e+01
1.236882019042968750e+01
1.664084434509277344e+00
-6.118350028991699219e-01
-1.133538913726806641e+01
6.605483531951904297e+00
1.282909870147705078e+01
-9.692631721496582031e+00
2.004132652282714844e+01
-5.818367958068847656e+00
7.290021419525146484e+00
2.619031906127929688e+01
9.578330039978027344e+00
-1.118558883666992188e+01
-1.414955711364746094e+01
1.983527183532714844e+01
-2.458488702774047852e+00
1.278842449188232422e+01
1.410006713867187500e+01
1.797224426269531250e+01
8.151835441589355469e+00
-6.439472198486328125e+00
-4.818717956542968750e+00
-6.685496568679809570e-01
3.823321461677551270e-01
-1.705742597579956055e+00
-4.636344909667968750e+00
2.736071825027465820e+00
1.189049482345581055e+00
1.443302726745605469e+01
3.041231155395507812e+00
-1.775025749206542969e+01
5.125094413757324219e+00
-8.113517761230468750e+00
-1.659995841979980469e+01
3.060494899749755859e+00
1.711583709716796875e+01
-1.085147094726562500e+01
9.220040321350097656e+00
1.074311733245849609e+01
7.490801811218261719e+00
-1.095154953002929688e+01
1.714309120178222656e+01
9.443613052368164062e+00
3.190834999084472656e+00
1.340564918518066406e+01
-4.284921169281005859e+00
1.510549545288085938e+00
-5.790457725524902344e-01
1.597952651977539062e+01
-1.075205802917480469e+01
-8.372450828552246094e+00
-3.452895641326904297e+00
2.268720054626464844e+01
-1.622137832641601562e+01
-9.610457420349121094e+00
-6.170604705810546875e+00
4.076738834381103516e+00
-7.820062160491943359e+00
-8.720328330993652344e+00
1.664440536499023438e+01
-1.960254430770874023e+00
-7.385445117950439453e+00
2.674460220336914062e+01
