1.861402511596679688e+01
2.100653533935546875e+02
9.278913497924804688e+00
1.241866699218750000e+03
1.161782455444335938e+02
2.456494331359863281e+01
2.597686576843261719e+01
9.883323364257812500e+02
5.654139709472656250e+01
9.937961578369140625e+00
5.660565795898437500e+02
8.819171905517578125e+00
1.028836917877197266e+01
4.514297103881835938e+01
1.216388225555419922e+01
9.765510253906250000e+02
1.722267150878906250e+01
8.203469276428222656e+00
3.754336929321289062e+01
3.162762451171875000e+01
4.970063781738281250e+02
3.534872436523437500e+01
3.813534927368164062e+01
2.977955245971679688e+01
2.543232421875000000e+02
9.072907257080078125e+01
4.015552520751953125e+01
2.415415954589843750e+01
1.312669658660888672e+01
3.117129898071289062e+01
4.930921936035156250e+01
1.814774703979492188e+01
1.075340366363525391e+01
2.432893371582031250e+02
4.526266574859619141e+00
5.245540771484375000e+02
3.507162857055664062e+01
9.493917236328125000e+02
1.711678344726562500e+03
2.639994621276855469e+01
8.816387939453125000e+01
7.146842002868652344e+00
1.596568965911865234e+01
1.911712837219238281e+01
2.374469184875488281e+01
1.621033096313476562e+01
7.140145778656005859e+00
9.426911621093750000e+02
2.552626991271972656e+01
5.298179931640625000e+02
4.338601589202880859e+00
1.725499725341796875e+01
1.906208419799804688e+01
1.368206977844238281e+01
2.626538085937500000e+02
1.433380413055419922e+01
3.233205556869506836e+00
3.162987470626831055e+00
2.972176551818847656e+01
1.354427337646484375e+02
1.056834316253662109e+01
1.863640213012695312e+01
1.562784290313720703e+01
1.338794898986816406e+01
1.401359741210937500e+03
6.541019439697265625e+00
1.184063720703125000e+01
5.745171508789062500e+02
8.820039367675781250e+01
2.090443229675292969e+01
8.146969795227050781e+00
6.597200870513916016e+00
3.092892837524414062e+01
1.559209918975830078e+01
8.407643318176269531e+00
1.217713260650634766e+01
8.454360961914062500e+01
3.338251876831054688e+01
3.144907951354980469e+01
3.626222991943359375e+01
1.796528320312500000e+03
9.889867782592773438e+00
1.918403434753417969e+01
1.810174369812011719e+01
7.490447998046875000e+00
2.636463737487792969e+01
5.638183975219726562e+01
5.377192687988281250e+01
9.752207946777343750e+01
7.860857486724853516e+00
1.287740936279296875e+02
3.662976074218750000e+01
8.839216232299804688e+00
2.463730239868164062e+01
1.395732498168945312e+01
1.386723022460937500e+02
6.166174697875976562e+01
1.313393859863281250e+02
8.112296104431152344e+00
2.674892272949218750e+02
7.856416702270507812e+00
1.337917137145996094e+01
1.193784236907958984e+01
1.685246276855468750e+01
1.016881275177001953e+01
1.278365707397460938e+01
2.395406150817871094e+01
3.177813720703125000e+01
4.947109699249267578e+00
1.489332008361816406e+01
6.242247772216796875e+01
6.665036201477050781e+00
1.545763969421386719e+01
1.512406253814697266e+01
1.539777851104736328e+01
9.619001464843750000e+02
4.090529632568359375e+01
2.314399337768554688e+01
8.543256378173828125e+01
3.956044197082519531e+00
8.831330108642578125e+01
3.323353576660156250e+01
4.917508697509765625e+01
8.040838241577148438e+00
1.250948715209960938e+02
2.277732658386230469e+01
1.980315780639648438e+01
9.617769241333007812e+00
9.574000244140625000e+02
8.615579986572265625e+01
2.799047660827636719e+01
1.161396636962890625e+02
2.654521751403808594e+01
1.035334396362304688e+01
3.838209915161132812e+01
1.229650390625000000e+03
1.982274627685546875e+01
1.065386104583740234e+01
9.704637908935546875e+01
1.621253013610839844e+01
7.684000968933105469e+00
3.028663158416748047e+00
1.588670825958251953e+01
6.743194580078125000e+02
4.793000030517578125e+01
1.026593399047851562e+01
9.438236083984375000e+02
8.113730430603027344e+00
6.068499145507812500e+02
1.221703491210937500e+02
2.130170059204101562e+01
1.615718994140625000e+02
8.749897956848144531e+00
1.842181396484375000e+02
2.833500099182128906e+01
6.874341583251953125e+01
2.473357772827148438e+01
2.024655914306640625e+01
1.574351501464843750e+01
3.346471071243286133e+00
1.001993179321289062e+01
6.572271728515625000e+01
1.694723320007324219e+01
2.681114959716796875e+01
5.005502223968505859e+00
1.224882698059082031e+01
4.290206909179687500e+01
9.423714637756347656e+00
4.207667541503906250e+02
1.602576446533203125e+01
5.993649673461914062e+01
2.487797737121582031e+01
9.792443847656250000e+01
5.041130828857421875e+01
5.225840568542480469e+00
1.631602859497070312e+01
1.159681034088134766e+01
1.798873138427734375e+01
1.086159545898437500e+03
1.813422203063964844e+01
1.097790908813476562e+01
1.832842826843261719e+01
3.561421966552734375e+01
1.147362995147705078e+01
8.620114898681640625e+01
3.933020019531250000e+01
2.142797470092773438e+01
3.582259750366210938e+01
2.587840461730957031e+01
2.584590339660644531e+01
3.738871765136718750e+01
7.746787109375000000e+02
6.997006416320800781e+00
1.481848602294921875e+02
3.928720855712890625e+01
1.003201198577880859e+01
6.724257202148437500e+02
5.855135345458984375e+01
9.452215576171875000e+01
2.287964248657226562e+01
1.426409721374511719e+01
2.381825637817382812e+01
3.125163078308105469e+01
8.686507225036621094e+00
8.323351860046386719e+00
1.564341186523437500e+03
3.270072937011718750e+02
2.255919837951660156e+01
1.618992805480957031e+01
3.365604019165039062e+01
8.108705902099609375e+01
1.870366516113281250e+02
6.667356967926025391e+00
8.470054626464843750e+00
1.917776298522949219e+01
7.728403568267822266e+00
1.038806724548339844e+01
2.980133361816406250e+02
6.752842407226562500e+02
5.279652023315429688e+01
1.689250373840332031e+01
1.087365055084228516e+01
6.005128784179687500e+02
9.985539436340332031e+00
5.611372947692871094e+00
1.351971435546875000e+01
8.589006805419921875e+01
6.226223754882812500e+01
2.442466354370117188e+01
2.965855979919433594e+01
8.836005859375000000e+02
1.834432792663574219e+01
1.066154193878173828e+01
9.976487159729003906e+00
4.110514068603515625e+01
1.285408496856689453e+01
7.977711791992187500e+02
5.011141586303710938e+01
1.863036918640136719e+01
1.801822090148925781e+01
5.791089630126953125e+01
3.023560047149658203e+00
1.414726806640625000e+03
5.560838699340820312e+01
9.480004310607910156e+00
8.328234100341796875e+01
3.242937088012695312e+01
1.687830734252929688e+01
1.439008903503417969e+01
8.339925384521484375e+01
7.170034408569335938e+00
1.008315944671630859e+01
2.670771179199218750e+02
8.225104980468750000e+02
4.654714202880859375e+01
1.543050384521484375e+01
