2.907863998413085938e+01
8.212349700927734375e+01
4.535377120971679688e+01
1.277872390747070312e+02
4.549185943603515625e+01
3.305431747436523438e+01
1.405790233612060547e+01
3.026649093627929688e+01
6.349225997924804688e+01
1.487741661071777344e+01
5.534501266479492188e+01
1.993214416503906250e+01
2.448721313476562500e+01
1.848208427429199219e+01
2.963168716430664062e+01
2.766568756103515625e+01
2.151555633544921875e+01
1.619021224975585938e+01
2.496971321105957031e+01
3.126464843750000000e+01
2.014097213745117188e+01
2.781393814086914062e+01
1.011205902099609375e+02
9.204662322998046875e+01
3.155828666687011719e+01
1.723992919921875000e+01
1.841360473632812500e+01
2.369511413574218750e+01
1.885236549377441406e+01
3.693560409545898438e+01
2.947406005859375000e+01
2.236297225952148438e+01
2.373601913452148438e+01
3.980817031860351562e+01
3.026799583435058594e+01
3.580651855468750000e+01
7.594361877441406250e+01
2.649541854858398438e+01
1.621998443603515625e+02
3.512704467773437500e+01
1.075920677185058594e+01
3.029702568054199219e+01
1.165852451324462891e+01
1.410913181304931641e+01
1.653918266296386719e+01
1.682194709777832031e+01
1.686487197875976562e+01
3.522610473632812500e+01
9.317205047607421875e+01
4.485495758056640625e+01
3.773704147338867188e+01
2.070809555053710938e+01
1.236824035644531250e+01
1.026748657226562500e+01
2.353743171691894531e+01
1.987299346923828125e+01
1.142451572418212891e+01
1.097338294982910156e+01
4.611612701416015625e+01
2.886352729797363281e+01
2.054127311706542969e+01
1.700324440002441406e+01
4.248365783691406250e+01
2.367529869079589844e+01
1.161770248413085938e+02
2.780904197692871094e+01
1.196616268157958984e+01
4.123989486694335938e+01
2.705924606323242188e+01
1.300798034667968750e+01
2.793828582763671875e+01
5.688029098510742188e+01
2.570660018920898438e+01
1.715627479553222656e+01
1.967712783813476562e+01
2.565200042724609375e+01
1.556253910064697266e+01
3.966253280639648438e+01
1.251506614685058594e+01
2.205402755737304688e+01
1.612978820800781250e+02
5.394648742675781250e+01
2.108361625671386719e+01
3.787248992919921875e+01
6.239439773559570312e+01
1.005498313903808594e+01
5.259763717651367188e+01
3.251671600341796875e+01
4.903588104248046875e+01
5.135222244262695312e+01
2.633114433288574219e+01
1.940146064758300781e+01
3.364258575439453125e+01
1.454517269134521484e+01
3.487194442749023438e+01
2.963624382019042969e+01
3.378105163574218750e+01
2.499238204956054688e+01
1.986067008972167969e+01
4.844090270996093750e+01
1.587255096435546875e+01
3.108010482788085938e+01
2.252873611450195312e+01
1.299392318725585938e+01
2.746893501281738281e+01
1.372323799133300781e+01
1.239798927307128906e+01
3.976672363281250000e+01
1.924116325378417969e+01
3.317066192626953125e+01
4.223650360107421875e+01
3.523429107666015625e+01
2.540590286254882812e+01
1.750810813903808594e+01
5.768122482299804688e+01
5.459325790405273438e+01
1.385102748870849609e+01
7.344561767578125000e+01
3.030474853515625000e+01
1.957821273803710938e+01
3.430369567871093750e+01
2.447858428955078125e+01
8.076071166992187500e+01
1.571020221710205078e+01
2.493941497802734375e+01
3.173677825927734375e+01
1.242569065093994141e+01
2.846241760253906250e+01
2.376039123535156250e+01
3.105464935302734375e+01
3.567576599121093750e+01
3.762023544311523438e+01
2.234691810607910156e+01
1.409943962097167969e+01
3.076425361633300781e+01
4.405985260009765625e+01
6.070047760009765625e+01
1.636155700683593750e+01
2.990292358398437500e+01
1.638814544677734375e+01
1.490933418273925781e+01
1.238118743896484375e+01
3.278483963012695312e+01
4.985602569580078125e+01
3.391303253173828125e+01
1.547371578216552734e+01
9.409724426269531250e+01
2.071004867553710938e+01
3.319426345825195312e+01
4.838810729980468750e+01
1.651153373718261719e+01
2.366530227661132812e+01
2.749139022827148438e+01
4.237761306762695312e+01
2.316141319274902344e+01
4.095833969116210938e+01
1.932567214965820312e+01
2.413723754882812500e+01
1.784331512451171875e+01
2.799528884887695312e+01
8.679756164550781250e+01
2.387371253967285156e+01
1.432653331756591797e+01
1.802812576293945312e+01
1.950982475280761719e+01
2.082122230529785156e+01
3.485450363159179688e+01
2.312140274047851562e+01
3.136622238159179688e+01
4.008817291259765625e+01
6.196026992797851562e+01
1.978240966796875000e+01
1.287533950805664062e+01
4.084758758544921875e+01
1.056555366516113281e+01
1.322052955627441406e+01
2.607648086547851562e+01
3.017859840393066406e+01
3.127071380615234375e+01
2.523697662353515625e+01
5.255175018310546875e+01
1.082454204559326172e+01
5.523250579833984375e+01
1.682505989074707031e+01
2.906733512878417969e+01
2.606186485290527344e+01
2.532195091247558594e+01
1.373814678192138672e+01
2.951193428039550781e+01
1.307876491546630859e+01
1.351912975311279297e+01
4.376142120361328125e+01
6.435297393798828125e+01
5.099898529052734375e+01
2.565704727172851562e+01
2.270486640930175781e+01
5.671381759643554688e+01
2.256077575683593750e+01
2.092387771606445312e+01
1.330008220672607422e+01
1.102289123535156250e+02
2.550429916381835938e+01
7.100345611572265625e+01
2.060196685791015625e+01
2.292057609558105469e+01
1.161056976318359375e+02
2.674006080627441406e+01
1.649490356445312500e+01
3.224785232543945312e+01
2.067798042297363281e+01
4.761046981811523438e+01
2.971584510803222656e+01
2.542267608642578125e+01
2.424227142333984375e+01
1.597438144683837891e+01
1.389729595184326172e+01
3.432349777221679688e+01
3.522238922119140625e+01
6.141993331909179688e+01
3.174002456665039062e+01
2.784434318542480469e+01
9.759113311767578125e+00
3.621145629882812500e+01
2.435441780090332031e+01
1.722629928588867188e+01
3.862856292724609375e+01
2.964508819580078125e+01
3.614772033691406250e+01
2.792462921142578125e+01
3.431259155273437500e+01
2.694272804260253906e+01
1.946368789672851562e+01
2.021171760559082031e+01
5.490783309936523438e+01
2.582131958007812500e+01
5.266423034667968750e+01
2.137579727172851562e+01
3.150351524353027344e+01
1.959155464172363281e+01
1.376109027862548828e+01
1.129155349731445312e+01
2.574391746520996094e+01
8.424565887451171875e+01
3.987933349609375000e+01
4.510711288452148438e+01
1.647293281555175781e+01
2.144711303710937500e+01
2.316535949707031250e+01
4.366416168212890625e+01
2.440421295166015625e+01
2.605697822570800781e+01
1.232312011718750000e+01
5.272262573242187500e+01
4.785263442993164062e+01
1.519908046722412109e+01
3.661722946166992188e+01
