7.350662994384765625e+01
1.792426635742187500e+03
3.089645385742187500e+02
1.833351074218750000e+03
1.708713378906250000e+02
3.446995544433593750e+01
6.744868469238281250e+01
1.184942260742187500e+03
2.255786743164062500e+02
1.169613494873046875e+02
1.194793212890625000e+03
1.183206405639648438e+02
1.433612213134765625e+02
1.598556327819824219e+01
3.405332336425781250e+02
1.267236206054687500e+03
1.060705795288085938e+02
4.426488113403320312e+01
5.607671508789062500e+02
1.465109558105468750e+02
3.992843246459960938e+01
1.618926696777343750e+02
1.412815704345703125e+02
1.366677551269531250e+02
4.713691101074218750e+02
2.775357360839843750e+02
1.397803649902343750e+02
1.317152557373046875e+02
1.166997604370117188e+02
8.927846527099609375e+01
4.715870971679687500e+02
1.179316787719726562e+02
1.444559020996093750e+02
8.825491943359375000e+02
2.528937339782714844e+01
3.562415466308593750e+02
1.564893341064453125e+02
3.012745056152343750e+02
2.576634521484375000e+03
6.435859680175781250e+01
8.561103057861328125e+01
9.100082397460937500e+01
4.788496398925781250e+02
3.927699661254882812e+01
8.493582153320312500e+01
2.097124099731445312e+01
2.243099021911621094e+01
1.374587524414062500e+03
5.919382324218750000e+02
9.137595214843750000e+02
2.494994544982910156e+01
1.659474029541015625e+02
2.794889259338378906e+01
2.946072692871093750e+02
1.531223297119140625e+02
5.119589233398437500e+01
1.125016117095947266e+01
4.478530883789062500e+01
1.129461059570312500e+02
4.446018981933593750e+02
1.273592071533203125e+02
3.782346725463867188e+01
1.000213851928710938e+02
9.962427520751953125e+01
2.668190185546875000e+03
3.709212112426757812e+01
2.169032440185546875e+02
1.150579833984375000e+03
5.055794372558593750e+02
5.432546997070312500e+02
7.426601409912109375e+01
9.941711425781250000e+00
6.241634750366210938e+01
3.483948516845703125e+01
3.877372741699218750e+01
1.083863449096679688e+02
1.909025573730468750e+01
2.378399353027343750e+02
2.336284484863281250e+02
4.604198913574218750e+02
2.327759277343750000e+03
2.433253288269042969e+01
4.179177093505859375e+01
1.475232543945312500e+02
8.978187561035156250e+01
3.020583801269531250e+02
2.741054687500000000e+02
1.057067718505859375e+02
6.528838500976562500e+02
1.463681335449218750e+02
3.471890258789062500e+02
2.075433197021484375e+02
6.328993225097656250e+01
1.139062595367431641e+01
8.555772399902343750e+01
1.973124542236328125e+02
1.611949768066406250e+02
2.192988433837890625e+02
8.046940612792968750e+01
5.247888793945312500e+02
3.190225219726562500e+02
8.864921569824218750e+01
1.793838691711425781e+01
1.370713329315185547e+01
4.647097396850585938e+01
7.480876922607421875e+01
1.072946395874023438e+02
9.322824096679687500e+01
2.872965698242187500e+02
1.354815826416015625e+02
1.657404479980468750e+02
5.694459152221679688e+01
1.423143157958984375e+02
7.305440521240234375e+01
5.362907028198242188e+01
8.004886627197265625e+01
5.839372253417968750e+01
3.421937561035156250e+02
5.678412628173828125e+01
6.606581115722656250e+01
3.045026550292968750e+02
2.191808166503906250e+02
9.598026123046875000e+02
1.375950622558593750e+02
9.013947296142578125e+01
1.776346778869628906e+01
2.327496490478515625e+02
1.199865341186523438e+02
1.203750122070312500e+03
5.070614013671875000e+02
4.707217025756835938e+01
2.876744079589843750e+02
2.305028839111328125e+02
8.304603576660156250e+01
1.570527343750000000e+02
1.093707275390625000e+03
3.611506271362304688e+01
4.307097625732421875e+01
3.436317443847656250e+02
1.571733856201171875e+02
3.686373901367187500e+02
2.360692405700683594e+01
9.886086273193359375e+01
7.506844482421875000e+02
8.695344543457031250e+01
5.576640319824218750e+01
1.942555175781250000e+03
5.739105606079101562e+01
6.903493041992187500e+02
1.372506866455078125e+02
1.184650878906250000e+02
9.455213165283203125e+01
2.190809249877929688e+01
1.304796905517578125e+02
8.209388732910156250e+01
2.174175872802734375e+02
9.667678833007812500e+01
2.815549087524414062e+01
5.580781936645507812e+01
2.686202430725097656e+01
2.495357131958007812e+01
4.318019409179687500e+02
4.653994369506835938e+01
8.210833740234375000e+01
4.313898849487304688e+01
1.972602462768554688e+01
1.812221374511718750e+02
1.188404541015625000e+02
1.344807250976562500e+03
2.756304931640625000e+02
3.406560668945312500e+02
3.099698257446289062e+01
1.539494781494140625e+02
1.544267120361328125e+02
8.942098999023437500e+01
5.576561889648437500e+02
1.793609924316406250e+02
5.931137466430664062e+01
3.730186767578125000e+02
1.850669860839843750e+02
9.749331665039062500e+01
2.424226074218750000e+02
3.003020019531250000e+02
1.321138916015625000e+02
6.292765502929687500e+02
6.172115478515625000e+02
8.066824340820312500e+01
2.798052062988281250e+02
8.776637268066406250e+01
1.027991790771484375e+02
2.398393096923828125e+02
2.409001220703125000e+03
6.968486022949218750e+01
4.152533264160156250e+02
3.699401550292968750e+02
9.202912902832031250e+01
6.398372192382812500e+02
2.067086791992187500e+02
3.812789306640625000e+02
3.666144561767578125e+01
3.018845367431640625e+01
4.775045776367187500e+02
3.259883117675781250e+02
1.483711547851562500e+02
6.294796752929687500e+01
2.409907714843750000e+03
1.030143188476562500e+03
1.585917205810546875e+02
7.727848815917968750e+01
8.555747985839843750e+01
3.777299499511718750e+02
8.128421783447265625e+01
5.031651687622070312e+01
3.103398704528808594e+01
6.773746490478515625e+01
9.527313995361328125e+01
1.240201797485351562e+02
9.592144165039062500e+02
2.528514404296875000e+03
2.281709442138671875e+02
1.664163818359375000e+02
2.197712249755859375e+02
3.301221923828125000e+02
1.370070800781250000e+02
4.831066131591796875e+01
1.376862182617187500e+02
3.602688598632812500e+02
2.439288940429687500e+02
1.075405426025390625e+02
4.476519470214843750e+02
1.094575317382812500e+03
2.225333862304687500e+02
2.469176788330078125e+02
3.921495437622070312e+01
1.790538940429687500e+02
1.708287353515625000e+02
1.394961547851562500e+03
2.262630767822265625e+02
3.672169799804687500e+02
9.119699096679687500e+01
2.730807189941406250e+02
1.330029106140136719e+01
9.299942626953125000e+02
1.494020690917968750e+02
5.019345855712890625e+01
1.667530364990234375e+02
3.232057952880859375e+01
1.158893661499023438e+02
1.300265350341796875e+02
7.361248016357421875e+01
2.177317657470703125e+02
3.545125122070312500e+02
1.505798339843750000e+02
1.282863769531250000e+02
1.089338378906250000e+02
3.031000671386718750e+02
