2.647521160542964935e-02
1.512538075447082520e+00
4.865462332963943481e-02
1.256412148475646973e+00
5.131430625915527344e-01
1.040622666478157043e-01
6.710262894630432129e-01
1.736890971660614014e-01
8.322039842605590820e-01
1.091910600662231445e+00
6.254225969314575195e-01
8.523092269897460938e+00
2.497213333845138550e-01
1.432948946952819824e+00
2.586511075496673584e-01
1.827935874462127686e-01
3.523371517658233643e-01
3.430612683296203613e-01
1.169998884201049805e+00
5.441994667053222656e-01
3.026116453111171722e-02
7.894788384437561035e-01
1.973337382078170776e-01
1.642965674400329590e-01
5.705237388610839844e-01
4.257437884807586670e-01
3.714188039302825928e-01
1.985344886779785156e-01
2.180356383323669434e-01
7.539433836936950684e-01
1.496973991394042969e+00
5.584356188774108887e-01
1.481254816055297852e+00
9.259324073791503906e-01
7.180157303810119629e-02
5.924728393554687500e+00
1.667319536209106445e+00
1.782419346272945404e-02
2.779611349105834961e+00
6.672955751419067383e-01
7.405080199241638184e-01
3.431157022714614868e-02
3.269182443618774414e-01
1.565215587615966797e+00
3.865857049822807312e-02
4.944069981575012207e-01
3.485367894172668457e-01
7.692077159881591797e-01
9.408110380172729492e-01
1.391313672065734863e+00
2.684810638427734375e+00
1.124074101448059082e+00
1.152283096313476562e+01
2.921664528548717499e-02
3.067753076553344727e+00
3.490474075078964233e-02
3.570241928100585938e-01
2.671809792518615723e-01
4.189690053462982178e-01
1.724184006452560425e-01
3.841775953769683838e-01
8.186783790588378906e-01
1.595233678817749023e-01
6.981394439935684204e-02
